-1.402999999999864258e+02 -3.663832600984545662e-04
-1.402499999999864144e+02 -3.790572486198351410e-04
-1.401999999999864031e+02 -3.917314473454239221e-04
-1.401499999999863917e+02 -4.044194048157326304e-04
-1.400999999999863803e+02 -4.171345258432435088e-04
-1.400499999999863689e+02 -4.298898735644179903e-04
-1.399999999999863576e+02 -4.426980320963308513e-04
-1.399499999999863462e+02 -4.555704149888026300e-04
-1.398999999999863348e+02 -4.685184612590528874e-04
-1.398499999999863235e+02 -4.815537062092117848e-04
-1.397999999999863121e+02 -4.946893016971182222e-04
-1.397499999999863007e+02 -5.079394421277777516e-04
-1.396999999999862894e+02 -5.213192683364356594e-04
-1.396499999999862780e+02 -5.348432302612685096e-04
-1.395999999999862666e+02 -5.485215822235572913e-04
-1.395499999999862553e+02 -5.623548014383680793e-04
-1.394999999999862439e+02 -5.763366478643144886e-04
-1.394499999999862325e+02 -5.904579698170556168e-04
-1.393999999999862212e+02 -6.047039835650816486e-04
-1.393499999999862098e+02 -6.190609080158407385e-04
-1.392999999999861984e+02 -6.335158928524112221e-04
-1.392499999999861870e+02 -6.480562243282236845e-04
-1.391999999999861757e+02 -6.626690032982759937e-04
-1.391499999999861643e+02 -6.773365825294003217e-04
-1.390999999999861529e+02 -6.920370897726471626e-04
-1.390499999999861416e+02 -7.067469404892709472e-04
-1.389999999999861302e+02 -7.214400845347093694e-04
-1.389499999999861188e+02 -7.360889533743267266e-04
-1.388999999999861075e+02 -7.506665222600170106e-04
-1.388499999999860961e+02 -7.651464773411748022e-04
-1.387999999999860847e+02 -7.795031595903070820e-04
-1.387499999999860734e+02 -7.937114259599087340e-04
-1.386999999999860620e+02 -8.077449014832968621e-04
-1.386499999999860506e+02 -8.215769128641706165e-04
-1.385999999999860393e+02 -8.351832293896355175e-04
-1.385499999999860279e+02 -8.485406774391066054e-04
-1.384999999999860165e+02 -8.616274092305697963e-04
-1.384499999999860052e+02 -8.744225296856145135e-04
-1.383999999999859938e+02 -8.869084949820402186e-04
-1.383499999999859824e+02 -8.990683561172496674e-04
-1.382999999999859710e+02 -9.108842144267756402e-04
-1.382499999999859597e+02 -9.223374091284000653e-04
-1.381999999999859483e+02 -9.334105237232409591e-04
-1.381499999999859369e+02 -9.440875760349867751e-04
-1.380999999999859256e+02 -9.543558696104431638e-04
-1.380499999999859142e+02 -9.642063510257523062e-04
-1.379999999999859028e+02 -9.736306318147008865e-04
-1.379499999999858915e+02 -9.826214009120079473e-04
-1.378999999999858801e+02 -9.911714071583130337e-04
-1.378499999999858687e+02 -9.992742240307952994e-04
-1.377999999999858574e+02 -1.006924244475189412e-03
-1.377499999999858460e+02 -1.014116888640823055e-03
-1.376999999999858346e+02 -1.020849546726446122e-03
-1.376499999999858233e+02 -1.027123663002282861e-03
-1.375999999999858119e+02 -1.032943944786930690e-03
-1.375499999999858005e+02 -1.038316662602657703e-03
-1.374999999999857891e+02 -1.043249070446214399e-03
-1.374499999999857778e+02 -1.047748812489333881e-03
-1.373999999999857664e+02 -1.051822328618633173e-03
-1.373499999999857550e+02 -1.055478072923485278e-03
-1.372999999999857437e+02 -1.058726790866125478e-03
-1.372499999999857323e+02 -1.061580637188447307e-03
-1.371999999999857209e+02 -1.064053957228014435e-03
-1.371499999999857096e+02 -1.066160216469921873e-03
-1.370999999999856982e+02 -1.067911671274388019e-03
-1.370499999999856868e+02 -1.069319974409108087e-03
-1.369999999999856755e+02 -1.070396421918015650e-03
-1.369499999999856641e+02 -1.071151679685279634e-03
-1.368999999999856527e+02 -1.071594546468192244e-03
-1.368499999999856414e+02 -1.071734175264890676e-03
-1.367999999999856300e+02 -1.071579594037537497e-03
-1.367499999999856186e+02 -1.071139042647294148e-03
-1.366999999999856072e+02 -1.070418723513495707e-03
-1.366499999999855959e+02 -1.069419899391195472e-03
-1.365999999999855845e+02 -1.068140719953383777e-03
-1.365499999999855731e+02 -1.066581776942590598e-03
-1.364999999999855618e+02 -1.064744538092139703e-03
-1.364499999999855504e+02 -1.062632207688860020e-03
-1.363999999999855390e+02 -1.060248088145587797e-03
-1.363499999999855277e+02 -1.057592825396282132e-03
-1.362999999999855163e+02 -1.054666087952169096e-03
-1.362499999999855049e+02 -1.051467156147414816e-03
-1.361999999999854936e+02 -1.047995559113154562e-03
-1.361499999999854822e+02 -1.044252256807050305e-03
-1.360999999999854708e+02 -1.040237126843555904e-03
-1.360499999999854595e+02 -1.035949021062791686e-03
-1.359999999999854481e+02 -1.031386076110932248e-03
-1.359499999999854367e+02 -1.026546309631573561e-03
-1.358999999999854253e+02 -1.021429823325405162e-03
-1.358499999999854140e+02 -1.016038996644055836e-03
-1.357999999999854026e+02 -1.010378006183261512e-03
-1.357499999999853912e+02 -1.004450827844116656e-03
-1.356999999999853799e+02 -9.982609917491350182e-04
-1.356499999999853685e+02 -9.918126217294265246e-04
-1.355999999999853571e+02 -9.851098826223411709e-04
-1.355499999999853458e+02 -9.781537682311686188e-04
-1.354999999999853344e+02 -9.709443307585607918e-04
-1.354499999999853230e+02 -9.634798743938868815e-04
-1.353999999999853117e+02 -9.557588282416082381e-04
-1.353499999999853003e+02 -9.477785998128485101e-04
-1.352999999999852889e+02 -9.395368791931466013e-04
-1.352499999999852776e+02 -9.310340338330308496e-04
-1.351999999999852662e+02 -9.222779630967611886e-04
-1.351499999999852548e+02 -9.132801982359856074e-04
-1.350999999999852434e+02 -9.040483703232210511e-04
-1.350499999999852321e+02 -8.945899780686550340e-04
-1.349999999999852207e+02 -8.849147331855197751e-04
-1.349499999999852093e+02 -8.750338142128194496e-04
-1.348999999999851980e+02 -8.649593065550367776e-04
-1.348499999999851866e+02 -8.547031222473841505e-04
-1.347999999999851752e+02 -8.442777757194583343e-04
-1.347499999999851639e+02 -8.336952989481463683e-04
-1.346999999999851525e+02 -8.229663342251905545e-04
-1.346499999999851411e+02 -8.121008378280877849e-04
-1.345999999999851298e+02 -8.011104886500378108e-04
-1.345499999999851184e+02 -7.900074436487034002e-04
-1.344999999999851070e+02 -7.788050665743576073e-04
-1.344499999999850957e+02 -7.675142578153701378e-04
-1.343999999999850843e+02 -7.561435043766107089e-04
-1.343499999999850729e+02 -7.446981331867344456e-04
-1.342999999999850615e+02 -7.331812229675466197e-04
-1.342499999999850502e+02 -7.215969527539362049e-04
-1.341999999999850388e+02 -7.099527700541521935e-04
-1.341499999999850274e+02 -6.982583085842833381e-04
-1.340999999999850161e+02 -6.865225844114170028e-04
-1.340499999999850047e+02 -6.747529448432043608e-04
-1.339999999999849933e+02 -6.601847592485055038e-04
-1.339499999999849820e+02 -6.361576071902338980e-04
-1.338999999999849706e+02 -6.120284886122207002e-04
-1.338499999999849592e+02 -5.878171596950046429e-04
-1.337999999999849479e+02 -5.635427169393622537e-04
-1.337499999999849365e+02 -5.392222645360031374e-04
-1.336999999999849251e+02 -5.148692399686710663e-04
-1.336499999999849138e+02 -4.904944754626425207e-04
-1.335999999999849024e+02 -4.661096288643210017e-04
-1.335499999999848910e+02 -4.417261733932684176e-04
-1.334999999999848797e+02 -4.173534905034040343e-04
-1.334499999999848683e+02 -3.929997917404559615e-04
-1.333999999999848569e+02 -3.686736958137329379e-04
-1.333499999999848455e+02 -3.443841843000158831e-04
-1.332999999999848342e+02 -3.201393569595978317e-04
-1.332499999999848228e+02 -2.959473231325948639e-04
-1.331999999999848114e+02 -2.718214737697094430e-04
-1.331499999999848001e+02 -2.477794778102671014e-04
-1.330999999999847887e+02 -2.238334655135648665e-04
-1.330499999999847773e+02 -1.999927230624948260e-04
-1.329999999999847660e+02 -1.762661376118537793e-04
-1.329499999999847546e+02 -1.526600582954229512e-04
-1.328999999999847432e+02 -1.291836518506131459e-04
-1.328499999999847319e+02 -1.058526230359804754e-04
-1.327999999999847205e+02 -8.268521323429728342e-05
-1.327499999999847091e+02 -5.970379275937326424e-05
-1.326999999999846978e+02 -3.693603779552495636e-05
-1.326499999999846864e+02 -1.440733845669422974e-05
-1.325999999999846750e+02 7.857290235238623133e-06
-1.325499999999846636e+02 2.983355469446391517e-05
-1.324999999999846523e+02 5.149602883416926069e-05
-1.324499999999846409e+02 7.281777937139660706e-05
-1.323999999999846295e+02 9.377133803153275826e-05
-1.323499999999846182e+02 1.143321453032433710e-04
-1.322999999999846068e+02 1.344765699281824656e-04
-1.322499999999845954e+02 1.541752156750120228e-04
-1.321999999999845841e+02 1.733943424401460098e-04
-1.321499999999845727e+02 1.920997376291186387e-04
-1.320999999999845613e+02 2.102564604184592456e-04
-1.320499999999845500e+02 2.278315780538178736e-04
-1.319999999999845386e+02 2.447944537870422321e-04
-1.319499999999845272e+02 2.611133077160335270e-04
-1.318999999999845159e+02 2.767586440417663107e-04
-1.318499999999845045e+02 2.917028671189994538e-04
-1.317999999999844931e+02 3.059191900159977107e-04
-1.317499999999844817e+02 3.193809078445367100e-04
-1.316999999999844704e+02 3.320617243543419472e-04
-1.316499999999844590e+02 3.439387200769722375e-04
-1.315999999999844476e+02 3.549932248163648052e-04
-1.315499999999844363e+02 3.652148011441119779e-04
-1.314999999999844249e+02 3.745958188028017388e-04
-1.314499999999844135e+02 3.831252560270656526e-04
-1.313999999999844022e+02 3.907927413964590313e-04
-1.313499999999843908e+02 3.975937329582027169e-04
-1.312999999999843794e+02 4.035338887313291711e-04
-1.312499999999843681e+02 4.086311133352643621e-04
-1.311999999999843567e+02 4.129192285935098794e-04
-1.311499999999843453e+02 4.164326072156956937e-04
-1.310999999999843340e+02 4.192060219070023463e-04
-1.310499999999843226e+02 4.212777627943947722e-04
-1.309999999999843112e+02 4.226858563781479838e-04
-1.309499999999842998e+02 4.234672334021138962e-04
-1.308999999999842885e+02 4.236602207416673149e-04
-1.308499999999842771e+02 4.233053234284217536e-04
-1.307999999999842657e+02 4.224447649335064114e-04
-1.307499999999842544e+02 4.211239062915372866e-04
-1.306999999999842430e+02 4.193871411970681584e-04
-1.306499999999842316e+02 4.172759261421993271e-04
-1.305999999999842203e+02 4.148325827572421631e-04
-1.305499999999842089e+02 4.121021402065730421e-04
-1.304999999999841975e+02 4.091315726028055266e-04
-1.304499999999841862e+02 4.059677424457022732e-04
-1.303999999999841748e+02 4.026601141535329775e-04
-1.303499999999841634e+02 3.992605500734922042e-04
-1.302999999999841521e+02 3.958183600913378619e-04
-1.302499999999841407e+02 3.923800150423054078e-04
-1.301999999999841293e+02 3.889909329935839488e-04
-1.301499999999841179e+02 3.856964493321179965e-04
-1.300999999999841066e+02 3.825403875420060884e-04
-1.300499999999840952e+02 3.795670291310213051e-04
-1.299999999999840838e+02 3.768210423939141740e-04
-1.299499999999840725e+02 3.743433051095618191e-04
-1.298999999999840611e+02 3.721616782048700611e-04
-1.298499999999840497e+02 3.702904167850670780e-04
-1.297999999999840384e+02 3.687268972552004698e-04
-1.297499999999840270e+02 3.674402211554031461e-04
-1.296999999999840156e+02 3.663805514672810459e-04
-1.296499999999840043e+02 3.654964248178960151e-04
-1.295999999999839929e+02 3.647407066872596082e-04
-1.295499999999839815e+02 3.640693752583953891e-04
-1.294999999999839702e+02 3.634362181141256865e-04
-1.294499999999839588e+02 3.627958035256062530e-04
-1.293999999999839474e+02 3.522602580800157646e-04
-1.293499999999839360e+02 3.406872529811838524e-04
-1.292999999999839247e+02 3.291117177619817813e-04
-1.292499999999839133e+02 3.175039762858405945e-04
-1.291999999999839019e+02 3.058369884132161598e-04
-1.291499999999838906e+02 2.940848142140781163e-04
-1.290999999999838792e+02 2.822210617986278813e-04
-1.290499999999838678e+02 2.702195792093700644e-04
-1.289999999999838565e+02 2.580512636392792714e-04
-1.289499999999838451e+02 2.456861822570308163e-04
-1.288999999999838337e+02 2.330939540725468495e-04
-1.288499999999838224e+02 2.202442256135153653e-04
-1.287999999999838110e+02 2.071066354836503809e-04
-1.287499999999837996e+02 1.936502246973892394e-04
-1.286999999999837883e+02 1.798413665186002208e-04
-1.286499999999837769e+02 1.656457074287395748e-04
-1.285999999999837655e+02 1.510285928374363595e-04
-1.285499999999837542e+02 1.359527957746631266e-04
-1.284999999999837428e+02 1.203828470989418142e-04
-1.284499999999837314e+02 1.042857815767364582e-04
-1.283999999999837200e+02 8.762807553534812666e-05
-1.283499999999837087e+02 7.038335284687002869e-05
-1.282999999999836973e+02 5.254473487205368887e-05
-1.282499999999836859e+02 4.414611407588947545e-05
-1.281999999999836746e+02 3.750094265828757267e-05
-1.281499999999836632e+02 2.993045780771280695e-05
-1.280999999999836518e+02 2.147384950031139272e-05
-1.280499999999836405e+02 1.216939989389514976e-05
-1.279999999999836291e+02 2.062741936703638146e-06
-1.279499999999836177e+02 -8.796198163518731405e-06
-1.278999999999836064e+02 -2.035561200619540045e-05
-1.278499999999835950e+02 -3.256313958837492306e-05
-1.277999999999835836e+02 -4.536135014952119571e-05
-1.277499999999835723e+02 -5.869184466444909987e-05
-1.276999999999835609e+02 -7.249630617575664182e-05
-1.276499999999835495e+02 -8.671612949880808108e-05
-1.275999999999835381e+02 -1.012932270078661934e-04
-1.275499999999835268e+02 -1.161675813961676740e-04
-1.274999999999835154e+02 -1.312804390488017670e-04
-1.274499999999835040e+02 -1.465724639074100777e-04
-1.273999999999834927e+02 -1.619847474393573683e-04
-1.273499999999834813e+02 -1.774582567502791530e-04
-1.272999999999834699e+02 -1.852742740819993128e-04
-1.272499999999834586e+02 -1.921790207699974884e-04
-1.271999999999834472e+02 -1.990075576873973073e-04
-1.271499999999834358e+02 -2.057470251061455091e-04
-1.270999999999834245e+02 -2.123854270036362735e-04
-1.270499999999834131e+02 -2.189119323640978387e-04
-1.269999999999834017e+02 -2.253189362489624314e-04
-1.269499999999833904e+02 -2.316013415303505574e-04
-1.268999999999833790e+02 -2.377517922968683250e-04
-1.268499999999833676e+02 -2.437633731088850730e-04
-1.267999999999833562e+02 -2.496292205449446300e-04
-1.267499999999833449e+02 -2.553399844860207435e-04
-1.266999999999833335e+02 -2.663106600052020378e-04
-1.266499999999833221e+02 -2.783349969315770944e-04
-1.265999999999833108e+02 -2.902044370814774177e-04
-1.265499999999832994e+02 -3.019041595307067616e-04
-1.264999999999832880e+02 -3.134190501389924610e-04
-1.264499999999832767e+02 -3.247339449765351826e-04
-1.263999999999832653e+02 -3.358352221074500932e-04
-1.263499999999832539e+02 -3.467070351240372772e-04
-1.262999999999832426e+02 -3.573301107555396094e-04
-1.262499999999832312e+02 -3.676834852556765121e-04
-1.261999999999832198e+02 -3.777443858192369719e-04
-1.261499999999832085e+02 -3.874882912140234503e-04
-1.260999999999831971e+02 -3.968898267143750047e-04
-1.260499999999831857e+02 -4.059234536068351273e-04
-1.259999999999831743e+02 -4.145659229206691276e-04
-1.259499999999831630e+02 -4.227948296842629072e-04
-1.258999999999831516e+02 -4.305886523104165975e-04
-1.258499999999831402e+02 -4.244287109154767923e-04
-1.257999999999831289e+02 -4.141737585422744505e-04
-1.257499999999831175e+02 -4.034967039310832781e-04
-1.256999999999831061e+02 -3.923871622763946965e-04
-1.256499999999830948e+02 -3.808360058137130744e-04
-1.255999999999830834e+02 -3.611328337254637866e-04
-1.255499999999830720e+02 -3.390439800749905919e-04
-1.254999999999830607e+02 -3.311015577600745496e-04
-1.254499999999830493e+02 -3.310757948344345003e-04
-1.253999999999830379e+02 -3.307923784130195610e-04
-1.253499999999830266e+02 -3.302503056222608202e-04
-1.252999999999830152e+02 -3.294489554552179622e-04
-1.252499999999830038e+02 -3.283891332414787256e-04
-1.251999999999829924e+02 -3.270732185609720455e-04
-1.251499999999829811e+02 -3.255043248154426694e-04
-1.250999999999829697e+02 -3.236864587232782253e-04
-1.250499999999829583e+02 -3.216205181886325204e-04
-1.249999999999829470e+02 -3.193035668565893936e-04
-1.249499999999829356e+02 -3.167333389502841046e-04
-1.248999999999829242e+02 -3.139067733100922575e-04
-1.248499999999829129e+02 -3.108177265717659843e-04
-1.247999999999829015e+02 -3.074581443752930077e-04
-1.247499999999828901e+02 -3.038184023973142245e-04
-1.246999999999828788e+02 -2.998903265102187410e-04
-1.246499999999828674e+02 -2.956674917424170768e-04
-1.245999999999828560e+02 -2.911451446458226955e-04
-1.245499999999828447e+02 -2.863213519615701030e-04
-1.244999999999828333e+02 -2.811974558954502545e-04
-1.244499999999828219e+02 -2.757777326744675905e-04
-1.243999999999828106e+02 -2.700684125365587773e-04
-1.243499999999827992e+02 -2.640771101158276291e-04
-1.242999999999827878e+02 -2.578106883695877038e-04
-1.242499999999827764e+02 -2.512755849334580294e-04
-1.241999999999827651e+02 -2.444780803580806627e-04
-1.241499999999827537e+02 -2.374228222519064735e-04
-1.240999999999827423e+02 -2.301126594372385203e-04
-1.240499999999827310e+02 -2.225508683132426668e-04
-1.239999999999827196e+02 -2.147400216204395362e-04
-1.239499999999827082e+02 -2.216813146940707635e-04
-1.238999999999826969e+02 -2.367933372956557148e-04
-1.238499999999826855e+02 -2.518871937720254528e-04
-1.237999999999826741e+02 -2.669412412986613137e-04
-1.237499999999826628e+02 -2.680636363152633095e-04
-1.236999999999826514e+02 -2.592333794924836510e-04
-1.236499999999826400e+02 -2.494390763957687884e-04
-1.235999999999826287e+02 -2.386796958170761540e-04
-1.235499999999826173e+02 -2.269540853468074437e-04
-1.234999999999826059e+02 -2.142608504238363576e-04
-1.234499999999825945e+02 -2.005989656879980654e-04
-1.233999999999825832e+02 -1.859678986896318165e-04
-1.233499999999825718e+02 -1.703736100501507256e-04
-1.232999999999825604e+02 -1.538294014682903277e-04
-1.232499999999825491e+02 -1.363518370479169239e-04
-1.231999999999825377e+02 -1.179580146685524356e-04
-1.231499999999825263e+02 -9.866432541538738832e-05
-1.230999999999825150e+02 -7.848613939211851465e-05
-1.230499999999825036e+02 -5.743934230068026281e-05
-1.229999999999824922e+02 -3.554241133606889091e-05
-1.229499999999824809e+02 -1.281541025488497354e-05
-1.228999999999824695e+02 1.072196983246259672e-05
-1.228499999999824581e+02 3.505063476529762800e-05
-1.227999999999824468e+02 6.015252143920513106e-05
-1.227499999999824354e+02 8.600959504115324172e-05
-1.226999999999824240e+02 1.126063348009381793e-04
-1.226499999999824126e+02 1.399321292683830542e-04
-1.225999999999824013e+02 1.722859111339403171e-04
-1.225499999999823899e+02 2.163836334624288926e-04
-1.224999999999823785e+02 2.402273247045505489e-04
-1.224499999999823672e+02 2.646317355868565979e-04
-1.223999999999823558e+02 2.896114216780210082e-04
-1.223499999999823444e+02 3.151789426242002090e-04
-1.222999999999823331e+02 3.413461413126553379e-04
-1.222499999999823217e+02 3.681255031257810173e-04
-1.221999999999823103e+02 3.955283472087608998e-04
-1.221499999999822990e+02 4.235640640826224268e-04
-1.220999999999822876e+02 4.522402433697753077e-04
-1.220499999999822762e+02 4.815625868692385847e-04
-1.219999999999822649e+02 5.115344119619447127e-04
-1.219499999999822535e+02 5.421573560529455160e-04
-1.218999999999822421e+02 5.734346699979575579e-04
-1.218499999999822307e+02 6.053697078989006553e-04
-1.217999999999822194e+02 6.379669620539957231e-04
-1.217499999999822080e+02 6.712293282193013133e-04
-1.216999999999821966e+02 7.051570106326385257e-04
-1.216499999999821853e+02 7.397466198765245693e-04
-1.215999999999821739e+02 7.749938194007363612e-04
-1.215499999999821625e+02 8.108961410847881357e-04
-1.214999999999821512e+02 8.474503680644535075e-04
-1.214499999999821398e+02 8.846531107192315280e-04
-1.213999999999821284e+02 9.224977631626454788e-04
-1.213499999999821171e+02 9.609750175275100226e-04
-1.212999999999821057e+02 1.000077582836343681e-03
-1.212499999999820943e+02 1.039799420783832362e-03
-1.211999999999820830e+02 1.080133392129145609e-03
-1.211499999999820716e+02 1.121073331279441587e-03
-1.210999999999820602e+02 1.162613734000138288e-03
-1.210499999999820488e+02 1.204747849103508794e-03
-1.209999999999820375e+02 1.247468017339763147e-03
-1.209499999999820261e+02 1.290766648260187333e-03
-1.208999999999820147e+02 1.334639632632833584e-03
-1.208499999999820034e+02 1.379085531484684768e-03
-1.207999999999819920e+02 1.424103870920061243e-03
-1.207499999999819806e+02 1.469694979008194513e-03
-1.206999999999819693e+02 1.515859867592096732e-03
-1.206499999999819579e+02 1.562600308666242666e-03
-1.205999999999819465e+02 1.609919698046434478e-03
-1.205499999999819352e+02 1.657823609736146231e-03
-1.204999999999819238e+02 1.706321727603460348e-03
-1.204499999999819124e+02 1.755424110959996620e-03
-1.203999999999819011e+02 1.805144716843128105e-03
-1.203499999999818897e+02 1.855498847978753751e-03
-1.202999999999818783e+02 1.906500412074886575e-03
-1.202499999999818669e+02 1.958162218775594265e-03
-1.201999999999818556e+02 2.010496050631922771e-03
-1.201499999999818442e+02 2.063512580422595388e-03
-1.200999999999818328e+02 2.117222753169153981e-03
-1.200499999999818215e+02 2.171639097108712946e-03
-1.199999999999818101e+02 2.226775749097548163e-03
-1.199499999999817987e+02 2.282648502597642293e-03
-1.198999999999817874e+02 2.339275364388111733e-03
-1.198499999999817760e+02 2.396675109845515517e-03
-1.197999999999817646e+02 2.454867898406098981e-03
-1.197499999999817533e+02 2.513874456202096208e-03
-1.196999999999817419e+02 2.573714969831782107e-03
-1.196499999999817305e+02 2.634409045147806383e-03
-1.195999999999817192e+02 2.695977135525128021e-03
-1.195499999999817078e+02 2.758440271674947319e-03
-1.194999999999816964e+02 2.821820967494614862e-03
-1.194499999999816851e+02 2.886141946900185051e-03
-1.193999999999816737e+02 2.951425881152186514e-03
-1.193499999999816623e+02 3.017693228828326191e-03
-1.192999999999816509e+02 3.084964170467073552e-03
-1.192499999999816396e+02 3.153259913659375857e-03
-1.191999999999816282e+02 3.222602974803055742e-03
-1.191499999999816168e+02 3.293016307697543832e-03
-1.190999999999816055e+02 3.364520188673766898e-03
-1.190499999999815941e+02 3.437129248470255360e-03
-1.189999999999815827e+02 3.510857229356914577e-03
-1.189499999999815714e+02 3.585716868488568465e-03
-1.188999999999815600e+02 3.661718660762799948e-03
-1.188499999999815486e+02 3.738873134942512222e-03
-1.187999999999815373e+02 3.817190864999112088e-03
-1.187499999999815259e+02 3.896683265257661066e-03
-1.186999999999815145e+02 3.977361667156210923e-03
-1.186499999999815032e+02 4.059237102773116668e-03
-1.185999999999814918e+02 4.142320758313028373e-03
-1.185499999999814804e+02 4.226624280410748447e-03
-1.184999999999814690e+02 4.312161613568669949e-03
-1.184499999999814577e+02 4.398948722276571632e-03
-1.183999999999814463e+02 4.487001760629751035e-03
-1.183499999999814349e+02 4.576337949224129620e-03
-1.182999999999814236e+02 4.666971764094925146e-03
-1.182499999999814122e+02 4.758914227921080820e-03
-1.181999999999814008e+02 4.852176081911255268e-03
-1.181499999999813895e+02 4.946767165854369652e-03
-1.180999999999813781e+02 5.042696953342348798e-03
-1.180499999999813667e+02 5.139975361860206482e-03
-1.179999999999813554e+02 5.238611127364380116e-03
-1.179499999999813440e+02 5.338610634807394728e-03
-1.178999999999813326e+02 5.439979874339417876e-03
-1.178499999999813213e+02 5.542725628298654506e-03
-1.177999999999813099e+02 5.646857257072784853e-03
-1.177499999999812985e+02 5.752383645935985057e-03
-1.176999999999812871e+02 5.859312298726687684e-03
-1.176499999999812758e+02 5.967651581960060903e-03
-1.175999999999812644e+02 6.077412673322235559e-03
-1.175499999999812530e+02 6.188607248383597159e-03
-1.174999999999812417e+02 6.301242997073276675e-03
-1.174499999999812303e+02 6.415326188276469777e-03
-1.173999999999812189e+02 6.530865451212883310e-03
-1.173499999999812076e+02 6.647870501611245764e-03
-1.172999999999811962e+02 6.766351039186588312e-03
-1.172499999999811848e+02 6.886316769041493646e-03
-1.171999999999811735e+02 7.007778088369366609e-03
-1.171499999999811621e+02 7.130744103771069486e-03
-1.170999999999811507e+02 7.255219970168549914e-03
-1.170499999999811394e+02 7.381208592951715719e-03
-1.169999999999811280e+02 7.508711538268743324e-03
-1.169499999999811166e+02 7.637729963576513070e-03
-1.168999999999811052e+02 7.768264644528899421e-03
-1.168499999999810939e+02 7.900315767159972469e-03
-1.167999999999810825e+02 8.033882573775193159e-03
-1.167499999999810711e+02 8.168964865790676044e-03
-1.166999999999810598e+02 8.305567244071256072e-03
-1.166499999999810484e+02 8.443698737056241910e-03
-1.165999999999810370e+02 8.583369033516065338e-03
-1.165499999999810257e+02 8.724586901788906890e-03
-1.164999999999810143e+02 8.867360688302940164e-03
-1.164499999999810029e+02 9.011698568236310714e-03
-1.163999999999809916e+02 9.157607918250924850e-03
-1.163499999999809802e+02 9.305095428355662779e-03
-1.162999999999809688e+02 9.454167468638273453e-03
-1.162499999999809575e+02 9.604830319848274567e-03
-1.161999999999809461e+02 9.757089531559466622e-03
-1.161499999999809347e+02 9.910951066703969914e-03
-1.160999999999809233e+02 1.006642029917171471e-02
-1.160499999999809120e+02 1.022350550870814584e-02
-1.159999999999809006e+02 1.038221668188599872e-02
-1.159499999999808892e+02 1.054256198826249852e-02
-1.158999999999808779e+02 1.070454659283868321e-02
-1.158499999999808665e+02 1.086817313232579102e-02
-1.157999999999808551e+02 1.103344133287980505e-02
-1.157499999999808438e+02 1.120034935663522663e-02
-1.156999999999808324e+02 1.136889431349524110e-02
-1.156499999999808210e+02 1.153907093182299920e-02
-1.155999999999808097e+02 1.171087198361842746e-02
-1.155499999999807983e+02 1.188428925470950276e-02
-1.154999999999807869e+02 1.205931249299766611e-02
-1.154499999999807756e+02 1.223592908710417065e-02
-1.153999999999807642e+02 1.241412482531955436e-02
-1.153499999999807528e+02 1.259388412422313835e-02
-1.152999999999807414e+02 1.277519132410167430e-02
-1.152499999999807301e+02 1.295802948047067998e-02
-1.151999999999807187e+02 1.314237999622224623e-02
-1.151499999999807073e+02 1.332822260654289298e-02
-1.150999999999806960e+02 1.351553185859990375e-02
-1.150499999999806846e+02 1.370427693849605305e-02
-1.149999999999806732e+02 1.389442575094122084e-02
-1.149499999999806619e+02 1.408594584723780324e-02
-1.148999999999806505e+02 1.427880388051192689e-02
-1.148499999999806391e+02 1.447296695095334068e-02
-1.147999999999806278e+02 1.466839926084093776e-02
-1.147499999999806164e+02 1.486506137067338668e-02
-1.146999999999806050e+02 1.506291035113150462e-02
-1.146499999999805937e+02 1.526190121084895074e-02
-1.145999999999805823e+02 1.546198655598540056e-02
-1.145499999999805709e+02 1.566311632643434953e-02
-1.144999999999805596e+02 1.586523657299942353e-02
-1.144499999999805482e+02 1.606829246422742524e-02
-1.143999999999805368e+02 1.627222684643107181e-02
-1.143499999999805254e+02 1.647697481995490792e-02
-1.142999999999805141e+02 1.668246514334775082e-02
-1.142499999999805027e+02 1.688862163954783085e-02
-1.141999999999804913e+02 1.709536140214577143e-02
-1.141499999999804800e+02 1.730259806271914474e-02
-1.140999999999804686e+02 1.751024262530596204e-02
-1.140499999999804572e+02 1.771820531337956611e-02
-1.139999999999804459e+02 1.792639515363127906e-02
-1.139499999999804345e+02 1.813472200335530110e-02
-1.138999999999804231e+02 1.834309655116338894e-02
-1.138499999999804118e+02 1.855142790489826971e-02
-1.137999999999804004e+02 1.875962452662455898e-02
-1.137499999999803890e+02 1.896759410271987162e-02
-1.136999999999803777e+02 1.917524479156017952e-02
-1.136499999999803663e+02 1.938248469041579242e-02
-1.135999999999803549e+02 1.958922209626700467e-02
-1.135499999999803435e+02 1.979536719274683360e-02
-1.134999999999803322e+02 2.000083323562128895e-02
-1.134499999999803208e+02 2.020553713469103868e-02
-1.133999999999803094e+02 2.040939754211384266e-02
-1.133499999999802981e+02 2.061233418805252099e-02
-1.132999999999802867e+02 2.081426789402649608e-02
-1.132499999999802753e+02 2.101512323140141553e-02
-1.131999999999802640e+02 2.121482718487165825e-02
-1.131499999999802526e+02 2.141330971868578986e-02
-1.130999999999802412e+02 2.161050386313028565e-02
-1.130499999999802299e+02 2.180634436449869346e-02
-1.129999999999802185e+02 2.200076851462456212e-02
-1.129499999999802071e+02 2.219371633484597955e-02
-1.128999999999801958e+02 2.238512788237780743e-02
-1.128499999999801844e+02 2.257494304403313140e-02
-1.127999999999801730e+02 2.276310154386471801e-02
-1.127499999999801616e+02 2.294954295137518335e-02
-1.126999999999801503e+02 2.313420669072014518e-02
-1.126499999999801389e+02 2.331703204838451310e-02
-1.125999999999801275e+02 2.349795818405046172e-02
-1.125499999999801162e+02 2.367692413892525521e-02
-1.124999999999801048e+02 2.385386884657301337e-02
-1.124499999999800934e+02 2.402873114320588227e-02
-1.123999999999800821e+02 2.420144970548893798e-02
-1.123499999999800707e+02 2.437196660094406025e-02
-1.122999999999800593e+02 2.454022895491853734e-02
-1.122499999999800480e+02 2.470618416058915218e-02
-1.121999999999800366e+02 2.486978247388513946e-02
-1.121499999999800252e+02 2.503097508924178455e-02
-1.120999999999800139e+02 2.518970768241756558e-02
-1.120499999999800025e+02 2.534592130466688936e-02
-1.119999999999799911e+02 2.549955268939200353e-02
-1.119499999999799797e+02 2.565053347523867794e-02
-1.118999999999799684e+02 2.579879056285331457e-02
-1.118499999999799570e+02 2.594424139015556047e-02
-1.117999999999799456e+02 2.608679205089769332e-02
-1.117499999999799343e+02 2.622633588871591676e-02
-1.116999999999799229e+02 2.636275841300442929e-02
-1.116499999999799115e+02 2.649594341624336019e-02
-1.115999999999799002e+02 2.662577130785368645e-02
-1.115499999999798888e+02 2.675212071571320821e-02
-1.114999999999798774e+02 2.687487069698205749e-02
-1.114499999999798661e+02 2.699390073777372528e-02
-1.113999999999798547e+02 2.710909073289307497e-02
-1.113499999999798433e+02 2.722032096306104682e-02
-1.112999999999798320e+02 2.732747207179091892e-02
-1.112499999999798206e+02 2.743042503972397544e-02
-1.111999999999798092e+02 2.752906115851629781e-02
-1.111499999999797978e+02 2.762326200253253233e-02
-1.110999999999797865e+02 2.771290939947667481e-02
-1.110499999999797751e+02 2.779788539960716814e-02
-1.109999999999797637e+02 2.787807224334596518e-02
-1.109499999999797524e+02 2.795335232764031147e-02
-1.108999999999797410e+02 2.802360817095687212e-02
-1.108499999999797296e+02 2.808872237650416465e-02
-1.107999999999797183e+02 2.814857759469496096e-02
-1.107499999999797069e+02 2.820305648338788246e-02
-1.106999999999796955e+02 2.825204166754253371e-02
-1.106499999999796842e+02 2.829541569674664386e-02
-1.105999999999796728e+02 2.833306100179878301e-02
-1.105499999999796614e+02 2.836485984964037116e-02
-1.104999999999796501e+02 2.839069429681589235e-02
-1.104499999999796387e+02 2.841044614163722865e-02
-1.103999999999796273e+02 2.842399687834865768e-02
-1.103499999999796159e+02 2.843124754932804116e-02
-1.102999999999796046e+02 2.843216534087995156e-02
-1.102499999999795932e+02 2.842675712995584164e-02
-1.101999999999795818e+02 2.841511711124524581e-02
-1.101499999999795705e+02 2.839735739160501732e-02
-1.100999999999795591e+02 2.837358972134997742e-02
-1.100499999999795477e+02 2.834392554505409806e-02
-1.099999999999795364e+02 2.830847605077062984e-02
-1.099499999999795250e+02 2.826735221773684498e-02
-1.098999999999795136e+02 2.822066486289551840e-02
-1.098499999999795023e+02 2.816852468554482264e-02
-1.097999999999794909e+02 2.811104231104043921e-02
-1.097499999999794795e+02 2.804832833265983455e-02
-1.096999999999794682e+02 2.798049335227748707e-02
-1.096499999999794568e+02 2.790764801970440495e-02
-1.095999999999794454e+02 2.782990307025467319e-02
-1.095499999999794341e+02 2.774736936142745830e-02
-1.094999999999794227e+02 2.766015790763352161e-02
-1.094499999999794113e+02 2.756837991405088756e-02
-1.093999999999793999e+02 2.747214680859782349e-02
-1.093499999999793886e+02 2.737157027281181959e-02
-1.092999999999793772e+02 2.726676227126077073e-02
-1.092499999999793658e+02 2.715783507915318223e-02
-1.091999999999793545e+02 2.704490130942075604e-02
-1.091499999999793431e+02 2.692807393694095913e-02
-1.090999999999793317e+02 2.680746632306695715e-02
-1.090499999999793204e+02 2.668319223688769143e-02
-1.089999999999793090e+02 2.655536586115728875e-02
-1.089499999999792976e+02 2.642410065424399129e-02
-1.088999999999792863e+02 2.628950496178217994e-02
-1.088499999999792749e+02 2.615167549794304019e-02
-1.087999999999792635e+02 2.601069981945041548e-02
-1.087499999999792522e+02 2.586666391181049324e-02
-1.086999999999792408e+02 2.571965882209736182e-02
-1.086499999999792294e+02 2.556977327464687172e-02
-1.085999999999792180e+02 2.541709074936748108e-02
-1.085499999999792067e+02 2.526168867807507962e-02
-1.084999999999791953e+02 2.510363785703653011e-02
-1.084499999999791839e+02 2.494300523700127697e-02
-1.083999999999791726e+02 2.477985309490608051e-02
-1.083499999999791612e+02 2.461423950777662933e-02
-1.082999999999791498e+02 2.444622862221345477e-02
-1.082499999999791385e+02 2.427589070728120718e-02
-1.081999999999791271e+02 2.410329749987682318e-02
-1.081499999999791157e+02 2.392852129005546696e-02
-1.080999999999791044e+02 2.375163416088717921e-02
-1.080499999999790930e+02 2.357270797656697142e-02
-1.079999999999790816e+02 2.339181437101710975e-02
-1.079499999999790703e+02 2.320902473417230799e-02
-1.078999999999790589e+02 2.302441020096532981e-02
-1.078499999999790475e+02 2.283804164041231682e-02
-1.077999999999790361e+02 2.264998964439703805e-02
-1.077499999999790248e+02 2.246032451853762629e-02
-1.076999999999790134e+02 2.226911627214887140e-02
-1.076499999999790020e+02 2.207643461049891426e-02
-1.075999999999789907e+02 2.188234898760709618e-02
-1.075499999999789793e+02 2.168692894185498404e-02
-1.074999999999789679e+02 2.149024424674998018e-02
-1.074499999999789566e+02 2.129236632452912586e-02
-1.073999999999789452e+02 2.109336908913261172e-02
-1.073499999999789338e+02 2.089332962427580681e-02
-1.072999999999789225e+02 2.069232613153982464e-02
-1.072499999999789111e+02 2.049043448115962091e-02
-1.071999999999788997e+02 2.028772892671642375e-02
-1.071499999999788884e+02 2.008427807902968959e-02
-1.070999999999788770e+02 1.988014974944548457e-02
-1.070499999999788656e+02 1.967541269696045786e-02
-1.069999999999788542e+02 1.947013760735383930e-02
-1.069499999999788429e+02 1.926439769838884236e-02
-1.068999999999788315e+02 1.905826661302566921e-02
-1.068499999999788201e+02 1.885181809347718368e-02
-1.067999999999788088e+02 1.864512541984347099e-02
-1.067499999999787974e+02 1.843826155154989349e-02
-1.066999999999787860e+02 1.823130114068496205e-02
-1.066499999999787747e+02 1.802431974040267365e-02
-1.065999999999787633e+02 1.781739208255463808e-02
-1.065499999999787519e+02 1.761059057303430292e-02
-1.064999999999787406e+02 1.740398990608629098e-02
-1.064499999999787292e+02 1.719766545505479333e-02
-1.063999999999787178e+02 1.699168931517241327e-02
-1.063499999999787065e+02 1.678613116630326557e-02
-1.062999999999786951e+02 1.658105581087181840e-02
-1.062499999999786837e+02 1.637652144985845409e-02
-1.061999999999786723e+02 1.617258136512064043e-02
-1.061499999999786610e+02 1.596928511074936080e-02
-1.060999999999786496e+02 1.576668000810050457e-02
-1.060499999999786382e+02 1.556481229873175193e-02
-1.059999999999786269e+02 1.536372899671974851e-02
-1.059499999999786155e+02 1.516347631211680674e-02
-1.058999999999786041e+02 1.496409624751771777e-02
-1.058499999999785928e+02 1.476562750300879773e-02
-1.057999999999785814e+02 1.456810864095527819e-02
-1.057499999999785700e+02 1.437157886307521143e-02
-1.056999999999785587e+02 1.417607532639941076e-02
-1.056499999999785473e+02 1.398163898209105888e-02
-1.055999999999785359e+02 1.378831513623334643e-02
-1.055499999999785246e+02 1.359614660016019577e-02
-1.054999999999785132e+02 1.340517230780671060e-02
-1.054499999999785018e+02 1.321542915295694648e-02
-1.053999999999784905e+02 1.302695224793842116e-02
-1.053499999999784791e+02 1.283977470316900044e-02
-1.052999999999784677e+02 1.265392816025839168e-02
-1.052499999999784563e+02 1.246944362852412530e-02
-1.051999999999784450e+02 1.228635083724568394e-02
-1.051499999999784336e+02 1.210467940496554734e-02
-1.050999999999784222e+02 1.192446004802210496e-02
-1.050499999999784109e+02 1.174572201221035089e-02
-1.049999999999783995e+02 1.156849266298678319e-02
-1.049499999999783881e+02 1.139279612403380076e-02
-1.048999999999783768e+02 1.121865301980772694e-02
-1.048499999999783654e+02 1.104608255252829269e-02
-1.047999999999783540e+02 1.087510071140251194e-02
-1.047499999999783427e+02 1.070571948934593426e-02
-1.046999999999783313e+02 1.053794920839081634e-02
-1.046499999999783199e+02 1.037179805278900385e-02
-1.045999999999783086e+02 1.020727086449683269e-02
-1.045499999999782972e+02 1.004437177235436435e-02
-1.044999999999782858e+02 9.883105181323424693e-03
-1.044499999999782744e+02 9.723473615657944602e-03
-1.043999999999782631e+02 9.565478005660855987e-03
-1.043499999999782517e+02 9.409120939861660704e-03
-1.042999999999782403e+02 9.254404851857446490e-03
-1.042499999999782290e+02 9.101330219419688505e-03
-1.041999999999782176e+02 8.949898235836924176e-03
-1.041499999999782062e+02 8.800108782429309773e-03
-1.040999999999781949e+02 8.651960018589165136e-03
-1.040499999999781835e+02 8.505448877091710547e-03
-1.039999999999781721e+02 8.360572978421319801e-03
-1.039499999999781608e+02 8.217332859231797626e-03
-1.038999999999781494e+02 8.075732377811596641e-03
-1.038499999999781380e+02 7.935775120949783989e-03
-1.037999999999781267e+02 7.797464251576465000e-03
-1.037499999999781153e+02 7.660803825648494769e-03
-1.036999999999781039e+02 7.525797324831794144e-03
-1.036499999999780925e+02 7.392447800175706851e-03
-1.035999999999780812e+02 7.260758052136301322e-03
-1.035499999999780698e+02 7.130730904023739603e-03
-1.034999999999780584e+02 7.002369258785015593e-03
-1.034499999999780471e+02 6.875674940438600280e-03
-1.033999999999780357e+02 6.750647307425305943e-03
-1.033499999999780243e+02 6.627282987298331596e-03
-1.032999999999780130e+02 6.505575510591894706e-03
-1.032499999999780016e+02 6.385517715987019949e-03
-1.031999999999779902e+02 6.267102318277706363e-03
-1.031499999999779789e+02 6.150320799257438797e-03
-1.030999999999779675e+02 6.035162212831748918e-03
-1.030499999999779561e+02 5.921612900333841911e-03
-1.029999999999779448e+02 5.809661960280390613e-03
-1.029499999999779334e+02 5.699299089649723093e-03
-1.028999999999779220e+02 5.590511993301121307e-03
-1.028499999999779106e+02 5.483287361941202587e-03
-1.027999999999778993e+02 5.377611350237697374e-03
-1.027499999999778879e+02 5.273469881642643686e-03
-1.026999999999778765e+02 5.170849121096200707e-03
-1.026499999999778652e+02 5.069734217662512366e-03
-1.025999999999778538e+02 4.970109525146537699e-03
-1.025499999999778424e+02 4.871962530613338505e-03
-1.024999999999778311e+02 4.775282814873424431e-03
-1.024499999999778197e+02 4.680060615492302734e-03
-1.023999999999778083e+02 4.586284560203303384e-03
-1.023499999999777970e+02 4.493941295840755967e-03
-1.022999999999777856e+02 4.403016349365150572e-03
-1.022499999999777742e+02 4.313495225538345468e-03
-1.021999999999777629e+02 4.225364311658402761e-03
-1.021499999999777515e+02 4.138607450934278509e-03
-1.020999999999777401e+02 4.053205844817456271e-03
-1.020499999999777287e+02 3.969136895826889944e-03
-1.019999999999777174e+02 3.886377330064541558e-03
-1.019499999999777060e+02 3.804904957900895335e-03
-1.018999999999776946e+02 3.724698988081594220e-03
-1.018499999999776833e+02 3.645739415572134268e-03
-1.017999999999776719e+02 3.568007034426341761e-03
-1.017499999999776605e+02 3.491482609594406816e-03
-1.016999999999776492e+02 3.416146715838341841e-03
-1.016499999999776378e+02 3.341980848336527365e-03
-1.015999999999776264e+02 3.268969128405276037e-03
-1.015499999999776151e+02 3.197094054242774486e-03
-1.014999999999776037e+02 3.126334042184188144e-03
-1.014499999999775923e+02 3.056665889913962042e-03
-1.013999999999775810e+02 2.988066094592276012e-03
-1.013499999999775696e+02 2.920512811776840301e-03
-1.012999999999775582e+02 2.853985665896008328e-03
-1.012499999999775468e+02 2.788465681842974830e-03
-1.011999999999775355e+02 2.723934349047767156e-03
-1.011499999999775241e+02 2.660372962800167107e-03
-1.010999999999775127e+02 2.597764867235188846e-03
-1.010499999999775014e+02 2.536095500964459515e-03
-1.009999999999774900e+02 2.475348904260446514e-03
-1.009499999999774786e+02 2.415509166700441357e-03
-1.008999999999774673e+02 2.356562530364418595e-03
-1.008499999999774559e+02 2.298496180691930735e-03
-1.007999999999774445e+02 2.241298894336642145e-03
-1.007499999999774332e+02 2.184961159334170011e-03
-1.006999999999774218e+02 2.129472797491753500e-03
-1.006499999999774104e+02 2.074823079640991663e-03
-1.005999999999773991e+02 2.021002882094162512e-03
-1.005499999999773877e+02 1.968004491969294056e-03
-1.004999999999773763e+02 1.915818801624023793e-03
-1.004499999999773650e+02 1.864436400041732944e-03
-1.003999999999773536e+02 1.813846467449878319e-03
-1.003499999999773422e+02 1.764036518214662230e-03
-1.002999999999773308e+02 1.714991853260558474e-03
-1.002499999999773195e+02 1.666697375936866676e-03
-1.001999999999773081e+02 1.619139748791305344e-03
-1.001499999999772967e+02 1.572306001682906296e-03
-1.000999999999772854e+02 1.526184926770125794e-03
-1.000499999999772740e+02 1.480767554851249168e-03
-9.999999999997726263e+01 1.436048462187193564e-03
-9.994999999997725126e+01 1.392023680330096991e-03
-9.989999999997723990e+01 1.348689110257414447e-03
-9.984999999997722853e+01 1.306039300176906059e-03
-9.979999999997721716e+01 1.264068875127366542e-03
-9.974999999997720579e+01 1.222772690129686479e-03
-9.969999999997719442e+01 1.182145947670562580e-03
-9.964999999997718305e+01 1.142184794842342199e-03
-9.959999999997717168e+01 1.102884964420347558e-03
-9.954999999997716031e+01 1.064239129451943766e-03
-9.949999999997714895e+01 1.026239239254586599e-03
-9.944999999997713758e+01 9.888777383277105870e-04
-9.939999999997712621e+01 9.521459703205684133e-04
-9.934999999997711484e+01 9.160347186075237791e-04
-9.929999999997710347e+01 8.805363613562447456e-04
-9.924999999997709210e+01 8.456436342904119496e-04
-9.919999999997708073e+01 8.113475891629584602e-04
-9.914999999997706936e+01 7.776396963834406040e-04
-9.909999999997705800e+01 7.445162216276682288e-04
-9.904999999997704663e+01 7.119717995502303221e-04
-9.899999999997703526e+01 6.799980223248583422e-04
-9.894999999997702389e+01 6.485862456413610255e-04
-9.889999999997701252e+01 6.177282445391299448e-04
-9.884999999997700115e+01 5.874160823083895977e-04
-9.879999999997698978e+01 5.576431412460253201e-04
-9.874999999997697842e+01 5.284012554891415192e-04
-9.869999999997696705e+01 4.996816019276414944e-04
-9.864999999997695568e+01 4.714748382636940738e-04
-9.859999999997694431e+01 4.437714326913713703e-04
-9.854999999997693294e+01 4.165631148260948158e-04
-9.849999999997692157e+01 3.898428436811263165e-04
-9.844999999997691020e+01 3.636039440676405721e-04
-9.839999999997689883e+01 3.378415214022739699e-04
-9.834999999997688747e+01 3.125517013348455553e-04
-9.829999999997687610e+01 2.877303907598618982e-04
-9.824999999997686473e+01 2.633724915231810959e-04
-9.819999999997685336e+01 2.394731203000308173e-04
-9.814999999997684199e+01 2.160280581191137417e-04
-9.809999999997683062e+01 1.930324499676144834e-04
-9.804999999997681925e+01 1.704815537685519522e-04
-9.799999999997680789e+01 1.483714932719593094e-04
-9.794999999997679652e+01 1.266962921297118405e-04
-9.789999999997678515e+01 1.054499914650702808e-04
-9.784999999997677378e+01 8.462906802826630770e-05
-9.779999999997676241e+01 7.072450700806864887e-05
-9.774999999997675104e+01 6.050872266664952814e-05
-9.769999999997673967e+01 5.058198451968892728e-05
-9.764999999997672830e+01 4.094417165441399664e-05
-9.759999999997671694e+01 3.160085564620634946e-05
-9.754999999997670557e+01 2.256012483068531305e-05
-9.749999999997669420e+01 1.382840270897772728e-05
-9.744999999997668283e+01 5.411174413952335449e-06
-9.739999999997667146e+01 -2.687036574557100099e-06
-9.734999999997666009e+01 -1.046272422327437779e-05
-9.729999999997664872e+01 -1.791286861924784590e-05
-9.724999999997663735e+01 -2.503471252676692238e-05
-9.719999999997662599e+01 -3.182386611353532624e-05
-9.714999999997661462e+01 -3.827240691499367298e-05
-9.709999999997660325e+01 -4.437125466115465766e-05
-9.704999999997659188e+01 -5.721881716332782863e-05
-9.699999999997658051e+01 -9.507668806296720732e-05
-9.694999999997656914e+01 -1.267655932011488296e-04
-9.689999999997655777e+01 -1.357872498306128550e-04
-9.684999999997654641e+01 -1.406814959070273874e-04
-9.679999999997653504e+01 -1.454287556790709313e-04
-9.674999999997652367e+01 -1.500300392388298487e-04
-9.669999999997651230e+01 -1.544863671750287826e-04
-9.664999999997650093e+01 -1.587991203400793139e-04
-9.659999999997648956e+01 -1.506094230281987412e-04
-9.654999999997647819e+01 -1.412547538340302999e-04
-9.649999999997646682e+01 -1.318151721896310136e-04
-9.644999999997645546e+01 -1.223030429137808572e-04
-9.639999999997644409e+01 -1.127284762501290505e-04
-9.634999999997643272e+01 -1.030986917227860733e-04
-9.629999999997642135e+01 -9.341967367759718144e-05
-9.624999999997640998e+01 -8.369629959461416524e-05
-9.619999999997639861e+01 -7.393404483231613700e-05
-9.614999999997638724e+01 -6.413737716722683890e-05
-9.609999999997637588e+01 -5.431106297195537058e-05
-9.604999999997636451e+01 -4.446166322872452392e-05
-9.599999999997635314e+01 -3.459474626745645542e-05
-9.594999999997634177e+01 -2.471186439875067142e-05
-9.589999999997633040e+01 -1.481210197674942552e-05
-9.584999999997631903e+01 -4.895169996695092340e-06
-9.579999999997630766e+01 5.038525815792560536e-06
-9.574999999997629629e+01 1.498827185686391061e-05
-9.569999999997628493e+01 2.495434339738755725e-05
-9.564999999997627356e+01 3.493571054315192104e-05
-9.559999999997626219e+01 4.492950714040516713e-05
-9.554999999997625082e+01 5.493072347412253364e-05
-9.549999999997623945e+01 6.493394421971943054e-05
-9.544999999997622808e+01 7.493360453091763018e-05
-9.539999999997621671e+01 8.492360856866831842e-05
-9.534999999997620534e+01 7.898254214061539713e-05
-9.529999999997619398e+01 6.317789848887811477e-05
-9.524999999997618261e+01 4.753330263394806021e-05
-9.519999999997617124e+01 3.205688674359774559e-05
-9.514999999997615987e+01 1.675615733729568513e-05
-9.509999999997614850e+01 1.640500769860275820e-06
-9.504999999997613713e+01 -1.327877078287353907e-05
-9.499999999997612576e+01 -2.798924900729998777e-05
-9.494999999997611440e+01 -4.248160576621889950e-05
-9.489999999997610303e+01 -5.674921813862698894e-05
-9.484999999997609166e+01 -7.078760252440113865e-05
-9.479999999997608029e+01 -8.459410127670263790e-05
-9.474999999997606892e+01 -9.816685155594750967e-05
-9.469999999997605755e+01 -1.115032457298381630e-04
-9.464999999997604618e+01 -1.245997612855237469e-04
-9.459999999997603481e+01 -1.374529924785747315e-04
-9.454999999997602345e+01 -1.500580058359790581e-04
-9.449999999997601208e+01 -1.624089147855001247e-04
-9.444999999997600071e+01 -1.745010902898663785e-04
-9.439999999997598934e+01 -1.863287100693014620e-04
-9.434999999997597797e+01 -1.978870960086948072e-04
-9.429999999997596660e+01 -2.091725756134740766e-04
-9.424999999997595523e+01 -2.201814170504010071e-04
-9.419999999997594387e+01 -2.309180502819488390e-04
-9.414999999997593250e+01 -2.413870778855756183e-04
-9.409999999997592113e+01 -2.515927243106827471e-04
-9.404999999997590976e+01 -2.615355319711132331e-04
-9.399999999997589839e+01 -2.712135622933570245e-04
-9.394999999997588702e+01 -2.777517985788416355e-04
-9.389999999997587565e+01 -2.693670044502521899e-04
-9.384999999997586428e+01 -2.534635897131209958e-04
-9.379999999997585292e+01 -2.374835485156254200e-04
-9.374999999997584155e+01 -2.214520966919500400e-04
-9.369999999997583018e+01 -2.053966742270180168e-04
-9.364999999997581881e+01 -1.893429198484147813e-04
-9.359999999997580744e+01 -1.733158137034243595e-04
-9.354999999997579607e+01 -1.573368058766025368e-04
-9.349999999997578470e+01 -1.414227757090061321e-04
-9.344999999997577333e+01 -1.255856350098685792e-04
-9.339999999997576197e+01 -1.098357389400367312e-04
-9.334999999997575060e+01 -9.418429373468650834e-05
-9.329999999997573923e+01 -7.864165439611797703e-05
-9.324999999997572786e+01 -6.321892722562644229e-05
-9.319999999997571649e+01 -4.793023137137503165e-05
-9.314999999997570512e+01 -3.279035548892084151e-05
-9.309999999997569375e+01 -1.781250750267082683e-05
-9.304999999997568239e+01 -3.010146548285130841e-06
-9.299999999997567102e+01 1.160028516906941309e-05
-9.294999999997565965e+01 2.600164630127410614e-05
-9.289999999997564828e+01 4.017823211026338992e-05
-9.284999999997563691e+01 5.294754007036800436e-05
-9.279999999997562554e+01 5.996143765902434142e-05
-9.274999999997561417e+01 6.668081683600807219e-05
-9.269999999997560280e+01 7.309490725256745369e-05
-9.264999999997559144e+01 7.919423660961849576e-05
-9.259999999997558007e+01 8.496977509731690192e-05
-9.254999999997556870e+01 9.041254498205752999e-05
-9.249999999997555733e+01 9.551560994078278632e-05
-9.244999999997554596e+01 1.002739865747850900e-04
-9.239999999997553459e+01 1.046836000168568925e-04
-9.234999999997552322e+01 1.087378420233237053e-04
-9.229999999997551186e+01 1.124288984604357444e-04
-9.224999999997550049e+01 1.157492830814316198e-04
-9.219999999997548912e+01 1.186910964822013304e-04
-9.214999999997547775e+01 1.212463281216671906e-04
-9.209999999997546638e+01 1.234204504907479572e-04
-9.204999999997545501e+01 1.252409129158527090e-04
-9.199999999997544364e+01 1.267360955938337530e-04
-9.194999999997543227e+01 1.279278330982985823e-04
-9.189999999997542091e+01 1.288363518836335708e-04
-9.184999999997540954e+01 1.294791417080082274e-04
-9.179999999997539817e+01 1.298715230543603938e-04
-9.174999999997538680e+01 1.300294152447728502e-04
-9.169999999997537543e+01 1.299674019183197360e-04
-9.164999999997536406e+01 1.296967070167978631e-04
-9.159999999997535269e+01 1.310389969112410458e-04
-9.154999999997534132e+01 1.415445662302089458e-04
-9.149999999997532996e+01 1.522545429784097348e-04
-9.144999999997531859e+01 1.631605482979650579e-04
-9.139999999997530722e+01 1.742530039842565825e-04
-9.134999999997529585e+01 1.855237818783675441e-04
-9.129999999997528448e+01 1.969651492983587326e-04
-9.124999999997527311e+01 2.085677898229151839e-04
-9.119999999997526174e+01 2.203213433737624682e-04
-9.114999999997525038e+01 2.322145647131942936e-04
-9.109999999997523901e+01 2.442367151789040514e-04
-9.104999999997522764e+01 2.563797907793388675e-04
-9.099999999997521627e+01 2.686373505373096382e-04
-9.094999999997520490e+01 2.810035408584363181e-04
-9.089999999997519353e+01 2.934732444335591550e-04
-9.084999999997518216e+01 3.060428261283942852e-04
-9.079999999997517079e+01 3.187096064629774128e-04
-9.074999999997515943e+01 3.314715219190980666e-04
-9.069999999997514806e+01 3.443260854518528924e-04
-9.064999999997513669e+01 3.572703682231392897e-04
-9.059999999997512532e+01 3.703000578816270649e-04
-9.054999999997511395e+01 3.834084129292897325e-04
-9.049999999997510258e+01 3.965874249716241917e-04
-9.044999999997509121e+01 4.098292143424192568e-04
-9.039999999997507985e+01 4.231265961151323141e-04
-9.034999999997506848e+01 4.364732888800793020e-04
-9.029999999997505711e+01 4.383064234553327165e-04
-9.024999999997504574e+01 4.383875930443273394e-04
-9.019999999997503437e+01 4.383797916625159496e-04
-9.014999999997502300e+01 4.382756473053778246e-04
-9.009999999997501163e+01 4.380670848240716952e-04
-9.004999999997500026e+01 4.377450995881673745e-04
-8.999999999997498890e+01 4.373008164280239862e-04
-8.994999999997497753e+01 4.367250520205465114e-04
-8.989999999997496616e+01 4.360089464211791555e-04
-8.984999999997495479e+01 4.351465859235917333e-04
-8.979999999997494342e+01 4.341383835611209441e-04
-8.974999999997493205e+01 4.302540575188973371e-04
-8.969999999997492068e+01 4.213581068947466757e-04
-8.964999999997490931e+01 4.123920783476106577e-04
-8.959999999997489795e+01 4.033632933335071225e-04
-8.954999999997488658e+01 3.942783080560785525e-04
-8.949999999997487521e+01 3.851451758772814205e-04
-8.944999999997486384e+01 3.759709408722722301e-04
-8.939999999997485247e+01 3.667613252890528086e-04
-8.934999999997484110e+01 3.575242702480857515e-04
-8.929999999997482973e+01 3.482712869452009308e-04
-8.924999999997481837e+01 3.390141867622084582e-04
-8.919999999997480700e+01 3.297601525973359315e-04
-8.914999999997479563e+01 3.205141851407092290e-04
-8.909999999997478426e+01 3.112810259410930813e-04
-8.904999999997477289e+01 3.020667115438066541e-04
-8.899999999997476152e+01 2.928791537248828791e-04
-8.894999999997475015e+01 2.837262096108961185e-04
-8.889999999997473878e+01 2.746147932788586821e-04
-8.884999999997472742e+01 2.655519292571045797e-04
-8.879999999997471605e+01 2.565440212358160998e-04
-8.874999999997470468e+01 2.475968643539036562e-04
-8.869999999997469331e+01 2.387158130720060112e-04
-8.864999999997468194e+01 2.299064813516618622e-04
-8.859999999997467057e+01 2.211762163392555491e-04
-8.854999999997465920e+01 2.125321251687933843e-04
-8.849999999997464784e+01 2.039812268296789521e-04
-8.844999999997463647e+01 1.955309480932629351e-04
-8.839999999997462510e+01 1.871861361882540264e-04
-8.834999999997461373e+01 1.789505569380483996e-04
-8.829999999997460236e+01 1.708278599681020693e-04
-8.824999999997459099e+01 1.628207610269855055e-04
-8.819999999997457962e+01 1.549311427322536128e-04
-8.814999999997456825e+01 1.471593098893581031e-04
-8.809999999997455689e+01 1.395058234164095468e-04
-8.804999999997454552e+01 1.319714570372707008e-04
-8.799999999997453415e+01 1.245548193345297205e-04
-8.794999999997452278e+01 1.172531595111381275e-04
-8.789999999997451141e+01 1.100630602244856426e-04
-8.784999999997450004e+01 1.029798802555936810e-04
-8.779999999997448867e+01 9.599652144690051792e-05
-8.774999999997447730e+01 8.910491352171617807e-05
-8.769999999997446594e+01 8.229703850581165936e-05
-8.764999999997445457e+01 7.556578550720061127e-05
-8.759999999997444320e+01 6.890143472000620495e-05
-8.754999999997443183e+01 6.074665447208110747e-05
-8.749999999997442046e+01 4.592700228138457685e-05
-8.744999999997440909e+01 3.111143967502588703e-05
-8.739999999997439772e+01 1.629316619387866094e-05
-8.734999999997438636e+01 1.465487792236264131e-06
-8.729999999997437499e+01 -1.337609428673364187e-05
-8.724999999997436362e+01 -2.823220458983421999e-05
-8.719999999997435225e+01 -4.310076468266865746e-05
-8.714999999997434088e+01 -5.798094618483101703e-05
-8.709999999997432951e+01 -7.287200310757829813e-05
-8.704999999997431814e+01 -8.777351409131051163e-05
-8.699999999997430677e+01 -1.026845283138982934e-04
-8.694999999997429541e+01 -1.176019084934074033e-04
-8.689999999997428404e+01 -1.325220019493048018e-04
-8.684999999997427267e+01 -1.474406603845582198e-04
-8.679999999997426130e+01 -1.623526361201055312e-04
-8.674999999997424993e+01 -1.772534492485364210e-04
-8.669999999997423856e+01 -1.921385970744468596e-04
-8.664999999997422719e+01 -2.070025799936481281e-04
-8.659999999997421583e+01 -2.218417372429129508e-04
-8.654999999997420446e+01 -2.366545728809468785e-04
-8.649999999997419309e+01 -2.514373197537028704e-04
-8.644999999997418172e+01 -2.661871083450353948e-04
-8.639999999997417035e+01 -2.809000646742249030e-04
-8.634999999997415898e+01 -2.955680496470117213e-04
-8.629999999997414761e+01 -3.101774493316222792e-04
-8.624999999997413624e+01 -3.247150620215438765e-04
-8.619999999997412488e+01 -3.391695579814599237e-04
-8.614999999997411351e+01 -3.535283521556992214e-04
-8.609999999997410214e+01 -3.677772943574270093e-04
-8.604999999997409077e+01 -3.818995626940005494e-04
-8.599999999997407940e+01 -3.958776755111845236e-04
-8.594999999997406803e+01 -4.096955812046276790e-04
-8.589999999997405666e+01 -4.233389826972105974e-04
-8.584999999997404529e+01 -4.367943128232368299e-04
-8.579999999997403393e+01 -4.500480339999501922e-04
-8.574999999997402256e+01 -4.630893751711578910e-04
-8.569999999997401119e+01 -4.759076631401862323e-04
-8.564999999997399982e+01 -4.884922867762625520e-04
-8.559999999997398845e+01 -5.008339639703679458e-04
-8.554999999997397708e+01 -5.129231664989242212e-04
-8.549999999997396571e+01 -5.247479359732631909e-04
-8.544999999997395435e+01 -5.362972735697690840e-04
-8.539999999997394298e+01 -5.475640653569979754e-04
-8.534999999997393161e+01 -5.585420195991647185e-04
-8.529999999997392024e+01 -5.692267151767294031e-04
-8.524999999997390887e+01 -5.796167075976660366e-04
-8.519999999997389750e+01 -5.897134639640949638e-04
-8.514999999997388613e+01 -5.995194154749458604e-04
-8.509999999997387476e+01 -6.090344393514315890e-04
-8.504999999997386340e+01 -6.182538951411617467e-04
-8.499999999997385203e+01 -6.271741130832800271e-04
-8.494999999997384066e+01 -6.357922337968877069e-04
-8.489999999997382929e+01 -6.441076160274908369e-04
-8.484999999997381792e+01 -6.521218476367232619e-04
-8.479999999997380655e+01 -6.598386576524978286e-04
-8.474999999997379518e+01 -6.672628091711624299e-04
-8.469999999997378382e+01 -6.743973626628721463e-04
-8.464999999997377245e+01 -6.812445607414924220e-04
-8.459999999997376108e+01 -6.878091452485191049e-04
-8.454999999997374971e+01 -6.940992494120640233e-04
-8.449999999997373834e+01 -7.001244641900855603e-04
-8.444999999997372697e+01 -7.058935667530116809e-04
-8.439999999997371560e+01 -7.114145248656930653e-04
-8.434999999997370423e+01 -7.166948877610490598e-04
-8.429999999997369287e+01 -7.217414090245413694e-04
-8.424999999997368150e+01 -7.265612909005680908e-04
-8.419999999997367013e+01 -7.311600820813779489e-04
-8.414999999997365876e+01 -7.355424443906341536e-04
-8.409999999997364739e+01 -7.397098668126475540e-04
-8.404999999997363602e+01 -7.436636063608142999e-04
-8.399999999997362465e+01 -7.474052066594807919e-04
-8.394999999997361328e+01 -7.509377450993920400e-04
-8.389999999997360192e+01 -7.542636904891916738e-04
-8.384999999997359055e+01 -7.573837378336695236e-04
-8.379999999997357918e+01 -7.602958965176390138e-04
-8.374999999997356781e+01 -7.629963024256974924e-04
-8.369999999997355644e+01 -7.654822893565227382e-04
-8.364999999997354507e+01 -7.677531347217020352e-04
-8.359999999997353370e+01 -7.698111942764929161e-04
-8.354999999997352234e+01 -7.716553227247249791e-04
-8.349999999997351097e+01 -7.732792573660607349e-04
-8.344999999997349960e+01 -7.746747503104348120e-04
-8.339999999997348823e+01 -7.758322029004297016e-04
-8.334999999997347686e+01 -7.767415567744156979e-04
-8.329999999997346549e+01 -7.773940965665748770e-04
-8.324999999997345412e+01 -7.777825035448354685e-04
-8.319999999997344275e+01 -7.779005776304623310e-04
-8.314999999997343139e+01 -7.777428279420600665e-04
-8.309999999997342002e+01 -7.773031729055371319e-04
-8.304999999997340865e+01 -7.765759763786669878e-04
-8.299999999997339728e+01 -7.755549967927363730e-04
-8.294999999997338591e+01 -7.742328922564281624e-04
-8.289999999997337454e+01 -7.726035100335745809e-04
-8.284999999997336317e+01 -7.706628355756209303e-04
-8.279999999997335181e+01 -7.684069247144431625e-04
-8.274999999997334044e+01 -7.658318869583000121e-04
-8.269999999997332907e+01 -7.629353124377555306e-04
-8.264999999997331770e+01 -7.597146759760406431e-04
-8.259999999997330633e+01 -7.561674668175935587e-04
-8.254999999997329496e+01 -7.522919819773488115e-04
-8.249999999997328359e+01 -7.480901748622773018e-04
-8.244999999997327222e+01 -7.435682261979353891e-04
-8.239999999997326086e+01 -7.387329275597293021e-04
-8.234999999997324949e+01 -7.335885049156859461e-04
-8.229999999997323812e+01 -7.281403958537616128e-04
-8.224999999997322675e+01 -7.223946652436530336e-04
-8.219999999997321538e+01 -7.163567385864849646e-04
-8.214999999997320401e+01 -7.100319481647063280e-04
-8.209999999997319264e+01 -7.034251162943913616e-04
-8.204999999997318127e+01 -6.965445576181880649e-04
-8.199999999997316991e+01 -6.894027286459269988e-04
-8.194999999997315854e+01 -6.820128954735243942e-04
-8.189999999997314717e+01 -6.743875335577728669e-04
-8.184999999997313580e+01 -6.665378248948278239e-04
-8.179999999997312443e+01 -6.584749614440693621e-04
-8.174999999997311306e+01 -6.502094131903071728e-04
-8.169999999997310169e+01 -6.417511889192858976e-04
-8.164999999997309033e+01 -6.331091312473391408e-04
-8.159999999997307896e+01 -6.242917967768449317e-04
-8.154999999997306759e+01 -6.153086600391433070e-04
-8.149999999997305622e+01 -6.061697358407738823e-04
-8.144999999997304485e+01 -5.968840281924264746e-04
-8.139999999997303348e+01 -5.874587144301807173e-04
-8.134999999997302211e+01 -5.729356705342775191e-04
-8.129999999997301074e+01 -5.500926740367034773e-04
-8.124999999997299938e+01 -5.275887410478921624e-04
-8.119999999997298801e+01 -5.054004699543146462e-04
-8.114999999997297664e+01 -4.835053903186406488e-04
-8.109999999997296527e+01 -4.618819629665232851e-04
-8.104999999997295390e+01 -4.405089139773790685e-04
-8.099999999997294253e+01 -4.193626072580974862e-04
-8.094999999997293116e+01 -3.984169914002175239e-04
-8.089999999997291980e+01 -3.776431374550442976e-04
-8.084999999997290843e+01 -3.570116200251119420e-04
-8.079999999997289706e+01 -3.364921152309088836e-04
-8.074999999997288569e+01 -3.160526179685277381e-04
-8.069999999997287432e+01 -2.956610071298895748e-04
-8.064999999997286295e+01 -2.752855590292674348e-04
-8.059999999997285158e+01 -2.548969859502078772e-04
-8.054999999997284021e+01 -2.443772707961394675e-04
-8.049999999997282885e+01 -2.367650957982789239e-04
-8.044999999997281748e+01 -2.292629744869364994e-04
-8.039999999997280611e+01 -2.218682188372816944e-04
-8.034999999997279474e+01 -2.145772449544808280e-04
