-3.380000000000376303e+01 2.128538088442405440e-05
-3.375000000000376588e+01 -2.909108770385998577e-05
-3.370000000000376872e+01 -7.973647600532929314e-05
-3.365000000000377156e+01 -1.306608105374820750e-04
-3.360000000000377440e+01 -1.818689033134188171e-04
-3.355000000000377725e+01 -2.333653233631619028e-04
-3.350000000000378009e+01 -2.851591531024058601e-04
-3.345000000000378293e+01 -3.372689606729942224e-04
-3.340000000000378577e+01 -3.897147436962775102e-04
-3.335000000000378861e+01 -4.425233376230547355e-04
-3.330000000000379146e+01 -4.957232919548387740e-04
-3.325000000000379430e+01 -5.493260763127713608e-04
-3.320000000000379714e+01 -6.033386982094365858e-04
-3.315000000000379998e+01 -6.577613326928868909e-04
-3.310000000000380282e+01 -7.125869815992613709e-04
-3.305000000000380567e+01 -7.677923959500052020e-04
-3.300000000000380851e+01 -8.233456591132323754e-04
-3.295000000000381135e+01 -8.792062676693940260e-04
-3.290000000000381419e+01 -9.353320870958831135e-04
-3.285000000000381704e+01 -9.916808392541193173e-04
-3.280000000000381988e+01 -1.048225318765722003e-03
-3.275000000000382272e+01 -1.104943931352762865e-03
-3.270000000000382556e+01 -1.161815857839046395e-03
-3.265000000000382840e+01 -1.218812271618005538e-03
-3.260000000000383125e+01 -1.275899871980165634e-03
-3.255000000000383409e+01 -1.333044660621660049e-03
-3.250000000000383693e+01 -1.390216136325089780e-03
-3.245000000000383977e+01 -1.447389728195171144e-03
-3.240000000000384262e+01 -1.504544837500877696e-03
-3.235000000000384546e+01 -1.531271024366315237e-03
-3.230000000000384830e+01 -1.553081973368161672e-03
-3.225000000000385114e+01 -1.574738339921652464e-03
-3.220000000000385398e+01 -1.596236818370934396e-03
-3.215000000000385683e+01 -1.617574479396866050e-03
-3.210000000000385967e+01 -1.638752035477218649e-03
-3.205000000000386251e+01 -1.659775387866470331e-03
-3.200000000000386535e+01 -1.680640465082025581e-03
-3.195000000000386819e+01 -1.701346146752921729e-03
-3.190000000000387104e+01 -1.721896155812085993e-03
-3.185000000000387388e+01 -1.742293363855069999e-03
-3.180000000000387672e+01 -1.762537949902123757e-03
-3.175000000000387956e+01 -1.782639751741511847e-03
-3.170000000000388241e+01 -1.802605560988324029e-03
-3.165000000000388525e+01 -1.822441567351430758e-03
-3.160000000000388809e+01 -1.842149948311250229e-03
-3.155000000000389093e+01 -1.861728843463535121e-03
-3.150000000000389377e+01 -1.881169089641678005e-03
-3.145000000000389662e+01 -1.900468833423762938e-03
-3.140000000000389946e+01 -1.919626857358046335e-03
-3.135000000000390230e+01 -1.938640783654903277e-03
-3.130000000000390514e+01 -1.957505353052932384e-03
-3.125000000000390799e+01 -1.972981385200633930e-03
-3.120000000000391083e+01 -1.975464771026731736e-03
-3.115000000000391367e+01 -1.978087776134389297e-03
-3.110000000000391651e+01 -1.980849171612480975e-03
-3.105000000000391935e+01 -1.983748253063521982e-03
-3.100000000000392220e+01 -1.986786313317980002e-03
-3.095000000000392504e+01 -1.989957807340923812e-03
-3.090000000000392788e+01 -1.993248314978705860e-03
-3.085000000000393072e+01 -1.996639632792930608e-03
-3.080000000000393356e+01 -2.000112597755301924e-03
-3.075000000000393641e+01 -2.003649606359500512e-03
-3.070000000000393925e+01 -2.007233052311763188e-03
-3.065000000000394209e+01 -2.010839110081555359e-03
-3.060000000000394493e+01 -2.014441510549427883e-03
-3.055000000000394778e+01 -2.018008733872062033e-03
-3.050000000000395062e+01 -2.021501305237774493e-03
-3.045000000000395346e+01 -2.024893786324213907e-03
-3.040000000000395630e+01 -2.028162860133700396e-03
-3.035000000000395914e+01 -2.031285108596972422e-03
-3.030000000000396199e+01 -2.034243227202990612e-03
-3.025000000000396483e+01 -2.037015811038836444e-03
-3.020000000000396767e+01 -2.039578129241707838e-03
-3.015000000000397051e+01 -2.041898329195435124e-03
-3.010000000000397335e+01 -2.043948932391660700e-03
-3.005000000000397620e+01 -2.045700486706762689e-03
-3.000000000000397904e+01 -2.047120483827900850e-03
-2.995000000000398188e+01 -2.048172259475462831e-03
-2.990000000000398472e+01 -2.048821393174075911e-03
-2.985000000000398757e+01 -2.049045381298325585e-03
-2.980000000000399041e+01 -2.048820471265533349e-03
-2.975000000000399325e+01 -2.048131002404154910e-03
-2.970000000000399609e+01 -2.046972095195769004e-03
-2.965000000000399893e+01 -2.045340209042081914e-03
-2.960000000000400178e+01 -2.043224444199784329e-03
-2.955000000000400462e+01 -2.040609336512497207e-03
-2.950000000000400746e+01 -2.037482097063010589e-03
-2.945000000000401030e+01 -2.033822568688122001e-03
-2.940000000000401315e+01 -2.029625846331033212e-03
-2.935000000000401599e+01 -2.024883134563067177e-03
-2.930000000000401883e+01 -2.019579308972264953e-03
-2.925000000000402167e+01 -2.013697754900282966e-03
-2.920000000000402451e+01 -2.007224821523365121e-03
-2.915000000000402736e+01 -2.000146783839820697e-03
-2.910000000000403020e+01 -1.992458146561335020e-03
-2.905000000000403304e+01 -1.984150464182259099e-03
-2.900000000000403588e+01 -1.975226990572294394e-03
-2.895000000000403872e+01 -1.965690970442933450e-03
-2.890000000000404157e+01 -1.955540508455519411e-03
-2.885000000000404441e+01 -1.944778992832775499e-03
-2.880000000000404725e+01 -1.933401955157190710e-03
-2.875000000000405009e+01 -1.921409989669747853e-03
-2.870000000000405294e+01 -1.904583320959121751e-03
-2.865000000000405578e+01 -1.885960162388802819e-03
-2.860000000000405862e+01 -1.866940006277149899e-03
-2.855000000000406146e+01 -1.847527482124342035e-03
-2.850000000000406430e+01 -1.827726028021184335e-03
-2.845000000000406715e+01 -1.807541001552649684e-03
-2.840000000000406999e+01 -1.786968275782487015e-03
-2.835000000000407283e+01 -1.766013294000050304e-03
-2.830000000000407567e+01 -1.744689101985406887e-03
-2.825000000000407852e+01 -1.723009907411227060e-03
-2.820000000000408136e+01 -1.700983772201694610e-03
-2.815000000000408420e+01 -1.678614225345868849e-03
-2.810000000000408704e+01 -1.655908121824034573e-03
-2.805000000000408988e+01 -1.632865196154249798e-03
-2.800000000000409273e+01 -1.609491609036561854e-03
-2.795000000000409557e+01 -1.585798596927617821e-03
-2.790000000000409841e+01 -1.561775609036385182e-03
-2.785000000000410125e+01 -1.537414002216325182e-03
-2.780000000000410409e+01 -1.512697121356175456e-03
-2.775000000000410694e+01 -1.487623516313943406e-03
-2.770000000000410978e+01 -1.462209267422902303e-03
-2.765000000000411262e+01 -1.436475764630525120e-03
-2.760000000000411546e+01 -1.410438875922417901e-03
-2.755000000000411831e+01 -1.384113344022816494e-03
-2.750000000000412115e+01 -1.357516015210960547e-03
-2.745000000000412399e+01 -1.330658929064448825e-03
-2.740000000000412683e+01 -1.303540881764646275e-03
-2.735000000000412967e+01 -1.276145519640864423e-03
-2.730000000000413252e+01 -1.248466810301759877e-03
-2.725000000000413536e+01 -1.220501594834173809e-03
-2.720000000000413820e+01 -1.192245565586308453e-03
-2.715000000000414104e+01 -1.163700412803114759e-03
-2.710000000000414389e+01 -1.134875026515290430e-03
-2.705000000000414673e+01 -1.105786711150157087e-03
-2.700000000000414957e+01 -1.076457692246200748e-03
-2.695000000000415241e+01 -1.046912684355194578e-03
-2.690000000000415525e+01 -1.017174108583936143e-03
-2.685000000000415810e+01 -9.872673777143389784e-04
-2.680000000000416094e+01 -9.572107328713747032e-04
-2.675000000000416378e+01 -9.270102795148615904e-04
-2.670000000000416662e+01 -8.966778611989995040e-04
-2.665000000000416946e+01 -8.662262890694327755e-04
-2.660000000000417231e+01 -8.356749718578942998e-04
-2.655000000000417515e+01 -8.050373808018498889e-04
-2.650000000000417799e+01 -7.743271614205765596e-04
-2.645000000000418083e+01 -7.435641275356508206e-04
-2.640000000000418368e+01 -7.127688606624743572e-04
-2.635000000000418652e+01 -6.819599859951494536e-04
-2.630000000000418936e+01 -6.511587268458671196e-04
-2.625000000000419220e+01 -6.204034993328930159e-04
-2.620000000000419504e+01 -5.897280010998123823e-04
-2.615000000000419789e+01 -5.591549666686401743e-04
-2.610000000000420073e+01 -5.081400812433287117e-04
-2.605000000000420357e+01 -4.535531943100426511e-04
-2.600000000000420641e+01 -3.988128309832458807e-04
-2.595000000000420926e+01 -3.440098017269202502e-04
-2.590000000000421210e+01 -2.892350298933990538e-04
-2.585000000000421494e+01 -2.345683818042593183e-04
-2.580000000000421778e+01 -1.800826625565354888e-04
-2.575000000000422062e+01 -1.258573343380087195e-04
-2.570000000000422347e+01 -7.196401319772144367e-05
-2.565000000000422631e+01 -1.846177050608688308e-05
-2.560000000000422915e+01 3.458700641614104176e-05
-2.555000000000423199e+01 8.712073807373710288e-05
-2.550000000000423483e+01 1.390822004765021602e-04
-2.545000000000423768e+01 1.904197756892947457e-04
-2.540000000000424052e+01 2.410880488262559518e-04
-2.535000000000424336e+01 2.910401670346701719e-04
-2.530000000000424620e+01 3.402371194504635876e-04
-2.525000000000424905e+01 3.886641251973008138e-04
-2.520000000000425189e+01 4.363075455551951309e-04
-2.515000000000425473e+01 4.831471544638685223e-04
-2.510000000000425757e+01 5.291624768392622080e-04
-2.505000000000426041e+01 5.743277588634992936e-04
-2.500000000000426326e+01 6.186089983335682496e-04
-2.495000000000426610e+01 6.619817344744663434e-04
-2.490000000000426894e+01 7.044249396367524563e-04
-2.485000000000427178e+01 7.459177007846096163e-04
-2.480000000000427463e+01 7.864414777137770929e-04
-2.475000000000427747e+01 8.259894881423521240e-04
-2.470000000000428031e+01 8.645590688424048542e-04
-2.465000000000428315e+01 9.021586022541008831e-04
-2.460000000000428599e+01 9.388015641380378917e-04
-2.455000000000428884e+01 9.745126554893332460e-04
-2.450000000000429168e+01 1.009311145110776409e-03
-2.445000000000429452e+01 1.043212387831136956e-03
-2.440000000000429736e+01 1.076235225786995042e-03
-2.435000000000430020e+01 1.108387425958430594e-03
-2.430000000000430305e+01 1.139672516809235592e-03
-2.425000000000430589e+01 1.163942609863091726e-03
-2.420000000000430873e+01 1.157654632297389075e-03
-2.415000000000431157e+01 1.151261762932370702e-03
-2.410000000000431442e+01 1.144817823530354384e-03
-2.405000000000431726e+01 1.138370594043251749e-03
-2.400000000000432010e+01 1.131951953096010932e-03
-2.395000000000432294e+01 1.125595601889677055e-03
-2.390000000000432578e+01 1.119328205549163791e-03
-2.385000000000432863e+01 1.113173342605577876e-03
-2.380000000000433147e+01 1.107139648379114327e-03
-2.375000000000433431e+01 1.101224284253556063e-03
-2.370000000000433715e+01 1.095417940420943814e-03
-2.365000000000434000e+01 1.089708433182491609e-03
-2.360000000000434284e+01 1.084087873847935923e-03
-2.355000000000434568e+01 1.078547658532560960e-03
-2.350000000000434852e+01 1.073078439664865158e-03
-2.345000000000435136e+01 1.067668754695556832e-03
-2.340000000000435421e+01 1.062305519678972965e-03
-2.335000000000435705e+01 1.056961806549530647e-03
-2.330000000000435989e+01 1.051607482365671253e-03
-2.325000000000436273e+01 1.046218571708293354e-03
-2.320000000000436557e+01 1.040761304785017827e-03
-2.315000000000436842e+01 1.028057504579488191e-03
-2.310000000000437126e+01 1.013551051476414833e-03
-2.305000000000437410e+01 9.993450742344645032e-04
-2.300000000000437694e+01 9.854304559940227359e-04
-2.295000000000437979e+01 9.718013069672307158e-04
-2.290000000000438263e+01 9.584500311026339370e-04
-2.285000000000438547e+01 9.453701305590297976e-04
-2.280000000000438831e+01 9.325575865303040168e-04
-2.275000000000439115e+01 9.200074188112153384e-04
-2.270000000000439400e+01 9.077079322840284070e-04
-2.265000000000439684e+01 8.956429126635093163e-04
-2.260000000000439968e+01 8.837924993593537781e-04
-2.255000000000440252e+01 8.721384668410187002e-04
-2.250000000000440536e+01 8.606606409341521768e-04
-2.245000000000440821e+01 8.493535379799216356e-04
-2.240000000000441105e+01 8.382123148221662379e-04
-2.235000000000441389e+01 8.272388320098578163e-04
-2.230000000000441673e+01 8.164352384694845144e-04
-2.225000000000441958e+01 8.058016852270713515e-04
-2.220000000000442242e+01 7.953506226727746764e-04
-2.215000000000442526e+01 7.850989992129187023e-04
-2.210000000000442810e+01 7.750624959192431440e-04
-2.205000000000443094e+01 7.652565655016374535e-04
-2.200000000000443379e+01 7.556950496593536903e-04
-2.195000000000443663e+01 7.463932382315296987e-04
-2.190000000000443947e+01 7.351465120776570772e-04
-2.185000000000444231e+01 7.084383376243438835e-04
-2.180000000000444516e+01 6.814607180025758493e-04
-2.175000000000444800e+01 6.542519498272877931e-04
-2.170000000000445084e+01 6.268479610307409189e-04
-2.165000000000445368e+01 5.992758596175193353e-04
-2.160000000000445652e+01 5.715590613970533695e-04
-2.155000000000445937e+01 5.437165991104067619e-04
-2.150000000000446221e+01 5.157725015849864980e-04
-2.145000000000446505e+01 4.877390607466794425e-04
-2.140000000000446789e+01 4.596186236126079128e-04
-2.135000000000447073e+01 4.314199612736671630e-04
-2.130000000000447358e+01 4.031486527054650715e-04
-2.125000000000447642e+01 3.748183393855256118e-04
-2.120000000000447926e+01 3.464397407118222083e-04
-2.115000000000448210e+01 3.180229505382187183e-04
-2.110000000000448495e+01 2.895800810777393597e-04
-2.105000000000448779e+01 2.611134938845030562e-04
-2.100000000000449063e+01 2.326105916780202287e-04
-2.095000000000449347e+01 2.040792701005766929e-04
-2.090000000000449631e+01 1.755244191872160076e-04
-2.085000000000449916e+01 1.469469328108513606e-04
-2.080000000000450200e+01 1.183637272445317579e-04
-2.075000000000450484e+01 8.978095217697379393e-05
-2.070000000000450768e+01 6.120679871352008306e-05
-2.065000000000451053e+01 3.264308967577955745e-05
-2.060000000000451337e+01 4.083365305662667311e-06
-2.055000000000451621e+01 -2.447963075254827592e-05
-2.050000000000451905e+01 -5.304936603276605434e-05
-2.045000000000452189e+01 -8.162880517426779337e-05
-2.040000000000452474e+01 -1.102287033785606662e-04
-2.035000000000452758e+01 -1.388643219439808507e-04
-2.030000000000453042e+01 -1.675427886934297006e-04
-2.025000000000453326e+01 -1.962757733784264991e-04
-2.020000000000453610e+01 -2.250706681637126838e-04
-2.015000000000453895e+01 -2.539342441393102612e-04
-2.010000000000454179e+01 -2.828787204224858520e-04
-2.005000000000454463e+01 -3.119052762105140042e-04
-2.000000000000454747e+01 -3.410041923269935271e-04
-1.995000000000455032e+01 -3.701617830762643502e-04
-1.990000000000455316e+01 -3.993580827765588759e-04
-1.985000000000455600e+01 -4.285623186543463525e-04
-1.980000000000455884e+01 -4.577393062544579672e-04
-1.975000000000456168e+01 -4.868605817246324241e-04
-1.970000000000456453e+01 -5.158940986733778766e-04
-1.965000000000456737e+01 -5.448016425564777832e-04
-1.960000000000457021e+01 -5.539172021161442583e-04
-1.955000000000457305e+01 -5.397063945736316204e-04
-1.950000000000457590e+01 -5.246506742313666871e-04
-1.945000000000457874e+01 -5.087102591071895885e-04
-1.940000000000458158e+01 -4.918490605996736487e-04
-1.935000000000458442e+01 -4.740376071891497234e-04
-1.930000000000458726e+01 -4.552525011329924820e-04
-1.925000000000459011e+01 -4.354777172115090189e-04
-1.920000000000459295e+01 -4.146969973462324988e-04
-1.915000000000459579e+01 -3.928901014649682777e-04
-1.910000000000459863e+01 -3.700352633487086207e-04
-1.905000000000460147e+01 -3.461092817791389109e-04
-1.900000000000460432e+01 -3.210918877349019929e-04
-1.895000000000460716e+01 -2.949730388136714843e-04
-1.890000000000461000e+01 -2.677440201099348660e-04
-1.885000000000461284e+01 -2.393943830261702210e-04
-1.880000000000461569e+01 -2.099251055991818715e-04
-1.875000000000461853e+01 -1.793444299914639939e-04
-1.870000000000462137e+01 -1.587704708107540164e-04
-1.865000000000462421e+01 -1.638626842332333022e-04
-1.860000000000462705e+01 -1.684475347534450385e-04
-1.855000000000462990e+01 -1.725080762224190378e-04
-1.850000000000463274e+01 -1.760272603026219462e-04
-1.845000000000463558e+01 -1.789846275621204130e-04
-1.840000000000463842e+01 -1.813592212792994318e-04
-1.835000000000464127e+01 -1.831335999418551297e-04
-1.830000000000464411e+01 -1.842961906408785433e-04
-1.825000000000464695e+01 -1.848339174090954384e-04
-1.820000000000464979e+01 -1.847320683789344109e-04
-1.815000000000465263e+01 -1.839853504378291538e-04
-1.810000000000465548e+01 -1.825891477928026640e-04
-1.805000000000465832e+01 -1.805328138491241186e-04
-1.800000000000466116e+01 -1.778105737307023038e-04
-1.795000000000466400e+01 -1.649306080632739757e-04
-1.790000000000466684e+01 -1.172048225348137906e-04
-1.785000000000466969e+01 -6.823781272964624112e-05
-1.780000000000467253e+01 -1.809178171609249208e-05
-1.775000000000467537e+01 3.318404058592905326e-05
-1.770000000000467821e+01 8.554235709132967935e-05
-1.765000000000468106e+01 1.389432096762718838e-04
-1.760000000000468390e+01 1.933416648601388177e-04
-1.755000000000468674e+01 2.486826878932077434e-04
-1.750000000000468958e+01 3.048950671358449660e-04
-1.745000000000469242e+01 3.619063412234960198e-04
-1.740000000000469527e+01 4.196455308073804291e-04
-1.735000000000469811e+01 4.780407133299913180e-04
-1.730000000000470095e+01 5.370197743721286110e-04
-1.725000000000470379e+01 5.964977045502251052e-04
-1.720000000000470664e+01 6.140824696961935669e-04
-1.715000000000470948e+01 6.167130945419554977e-04
-1.710000000000471232e+01 6.191227532808402101e-04
-1.705000000000471516e+01 6.212968502563379070e-04
-1.700000000000471800e+01 6.232245145853312907e-04
-1.695000000000472085e+01 6.249060964240021887e-04
-1.690000000000472369e+01 6.263541827912846860e-04
-1.685000000000472653e+01 6.275802636864155626e-04
-1.680000000000472937e+01 6.285950336067172572e-04
-1.675000000000473221e+01 6.294078330344801686e-04
-1.670000000000473506e+01 6.300270339449562385e-04
-1.665000000000473790e+01 6.304625537135663538e-04
-1.660000000000474074e+01 6.307276065376093976e-04
-1.655000000000474358e+01 6.308408145955027302e-04
-1.650000000000474643e+01 6.308212505499802281e-04
-1.645000000000474927e+01 6.306925112423214519e-04
-1.640000000000475211e+01 6.304826593232851217e-04
-1.635000000000475495e+01 6.302214264546773803e-04
-1.630000000000475779e+01 6.299417390944750395e-04
-1.625000000000476064e+01 6.296724478719734064e-04
-1.620000000000476348e+01 6.294443082939804590e-04
-1.615000000000476632e+01 6.292963306407592383e-04
-1.610000000000476916e+01 6.292664391175095684e-04
-1.605000000000477201e+01 6.293933641025456494e-04
-1.600000000000477485e+01 6.297182110721957771e-04
-1.595000000000477769e+01 6.302918651880512479e-04
-1.590000000000478053e+01 6.311693769100665263e-04
-1.585000000000478337e+01 6.324064557439793011e-04
-1.580000000000478622e+01 6.340645209317249953e-04
-1.575000000000478906e+01 6.362110028493989100e-04
-1.570000000000479190e+01 6.389105858564947393e-04
-1.565000000000479474e+01 6.422289167652694974e-04
-1.560000000000479758e+01 6.462277660170684390e-04
-1.555000000000480043e+01 6.509658450045974210e-04
-1.550000000000480327e+01 6.564917194072442119e-04
-1.545000000000480611e+01 6.628524143931988077e-04
-1.540000000000480895e+01 6.700925461048529153e-04
-1.535000000000481180e+01 6.782468595030732850e-04
-1.530000000000481464e+01 6.873522311607108137e-04
-1.525000000000481748e+01 6.974453944180794562e-04
-1.520000000000482032e+01 7.085577422882988197e-04
-1.515000000000482316e+01 7.207228215285327311e-04
-1.510000000000482601e+01 7.339706619809566179e-04
-1.505000000000482885e+01 7.483138143767886774e-04
-1.500000000000483169e+01 7.637680194184162663e-04
-1.495000000000483453e+01 7.803539053924876678e-04
-1.490000000000483737e+01 7.980901694552844372e-04
-1.485000000000484022e+01 8.169897204349796382e-04
-1.480000000000484306e+01 8.370601635527136208e-04
-1.475000000000484590e+01 8.583104857301307455e-04
-1.470000000000484874e+01 8.807485790549157700e-04
-1.465000000000485159e+01 9.043796442397486479e-04
-1.460000000000485443e+01 9.291989497852079505e-04
-1.455000000000485727e+01 9.552056461554006561e-04
-1.450000000000486011e+01 9.824015851729039905e-04
-1.445000000000486295e+01 1.010777090166267711e-03
-1.440000000000486580e+01 1.040323147255398095e-03
-1.435000000000486864e+01 1.071032568833452103e-03
-1.430000000000487148e+01 1.102891521690435583e-03
-1.425000000000487432e+01 1.135888797686737672e-03
-1.420000000000487717e+01 1.170010045386339625e-03
-1.415000000000488001e+01 1.205242835038707050e-03
-1.410000000000488285e+01 1.241566831608399701e-03
-1.405000000000488569e+01 1.278953482598516045e-03
-1.400000000000488853e+01 1.319186851606070354e-03
-1.395000000000489138e+01 1.365703925717852429e-03
-1.390000000000489422e+01 1.413255490675717485e-03
-1.385000000000489706e+01 1.461840521368759638e-03
-1.380000000000489990e+01 1.511454796242532594e-03
-1.375000000000490274e+01 1.562091904170455348e-03
-1.370000000000490559e+01 1.613746341427017839e-03
-1.365000000000490843e+01 1.666414298639583291e-03
-1.360000000000491127e+01 1.720099789264281642e-03
-1.355000000000491411e+01 1.774811491687913745e-03
-1.350000000000491696e+01 1.830561457489665589e-03
-1.345000000000491980e+01 1.887356793830161084e-03
-1.340000000000492264e+01 1.945202345751004258e-03
-1.335000000000492548e+01 2.004097927226625164e-03
-1.330000000000492832e+01 2.064045167083236598e-03
-1.325000000000493117e+01 2.125031298013835279e-03
-1.320000000000493401e+01 2.187045350506247599e-03
-1.315000000000493685e+01 2.250084907225627373e-03
-1.310000000000493969e+01 2.314149835192153004e-03
-1.305000000000494254e+01 2.379231764333696042e-03
-1.300000000000494538e+01 2.445326301227609966e-03
-1.295000000000494822e+01 2.512427271909700721e-03
-1.290000000000495106e+01 2.580535465949565510e-03
-1.285000000000495390e+01 2.649659762268573304e-03
-1.280000000000495675e+01 2.720971826394712190e-03
-1.275000000000495959e+01 2.793606454545849438e-03
-1.270000000000496243e+01 2.867269365600784436e-03
-1.265000000000496527e+01 2.941979327952183587e-03
-1.260000000000496811e+01 3.017755298790919527e-03
-1.255000000000497096e+01 3.094615525694358049e-03
-1.250000000000497380e+01 3.172569521264545500e-03
-1.245000000000497664e+01 3.251616682613207854e-03
-1.240000000000497948e+01 3.331753380206900483e-03
-1.235000000000498233e+01 3.412972210538010864e-03
-1.230000000000498517e+01 3.495270612060299986e-03
-1.225000000000498801e+01 3.578652549933530880e-03
-1.220000000000499085e+01 3.663130706337718034e-03
-1.215000000000499369e+01 3.748723705605833123e-03
-1.210000000000499654e+01 3.835436892238579254e-03
-1.205000000000499938e+01 3.923276482919527131e-03
-1.200000000000500222e+01 4.012254572552886867e-03
-1.195000000000500506e+01 4.102387766914079859e-03
-1.190000000000500791e+01 4.193692573232196685e-03
-1.185000000000501075e+01 4.286184241982578247e-03
-1.180000000000501359e+01 4.379868000448865206e-03
-1.175000000000501643e+01 4.474751170698912373e-03
-1.170000000000501927e+01 4.570853899996021874e-03
-1.165000000000502212e+01 4.668195830110140332e-03
-1.160000000000502496e+01 4.766786184371957225e-03
-1.155000000000502780e+01 4.866628690528743140e-03
-1.150000000000503064e+01 4.967719845580691185e-03
-1.145000000000503348e+01 5.070063991173975881e-03
-1.140000000000503633e+01 5.173662692685827846e-03
-1.135000000000503917e+01 5.278509186937986597e-03
-1.130000000000504201e+01 5.384613254800690862e-03
-1.125000000000504485e+01 5.491994039205402856e-03
-1.120000000000504770e+01 5.600686401832609407e-03
-1.115000000000505054e+01 5.710739551687347981e-03
-1.110000000000505338e+01 5.822200574253262595e-03
-1.105000000000505622e+01 5.935123535381787996e-03
-1.100000000000505906e+01 6.049562380953929508e-03
-1.095000000000506191e+01 6.165567434296227722e-03
-1.090000000000506475e+01 6.283191285373086743e-03
-1.085000000000506759e+01 6.402500258125221055e-03
-1.080000000000507043e+01 6.523563614320618265e-03
-1.075000000000507328e+01 6.646543462283209525e-03
-1.070000000000507612e+01 6.772211768083548356e-03
-1.065000000000507896e+01 6.899609345581793340e-03
-1.060000000000508180e+01 7.028752841850442745e-03
-1.055000000000508464e+01 7.159654823912592336e-03
-1.050000000000508749e+01 7.292318021070269551e-03
-1.045000000000509033e+01 7.426744691369127627e-03
-1.040000000000509317e+01 7.562931816384323158e-03
-1.035000000000509601e+01 7.700874075246701145e-03
-1.030000000000509885e+01 7.841369961794582288e-03
-1.025000000000510170e+01 7.984632888689773000e-03
-1.020000000000510454e+01 8.130102266142684442e-03
-1.015000000000510738e+01 8.277817125833281109e-03
-1.010000000000511022e+01 8.427825179037673475e-03
-1.005000000000511307e+01 8.580162437602373293e-03
-1.000000000000511591e+01 8.734860502780709968e-03
-9.950000000005118750e+00 8.891945709157654532e-03
-9.900000000005121592e+00 9.051448237040800315e-03
-9.850000000005124434e+00 9.213408949542360726e-03
-9.800000000005127276e+00 9.377865389243976446e-03
-9.750000000005130119e+00 9.544850333058331471e-03
-9.700000000005132961e+00 9.714388033321766369e-03
-9.650000000005135803e+00 9.886490815011174382e-03
-9.600000000005138645e+00 1.006115808351457086e-02
-9.550000000005141487e+00 1.023837228011156147e-02
-9.500000000005144329e+00 1.041810936253043107e-02
-9.450000000005147172e+00 1.060034879074346625e-02
-9.400000000005150014e+00 1.078506893122969934e-02
-9.350000000005152856e+00 1.097224285301601904e-02
-9.300000000005155698e+00 1.116183160408788094e-02
-9.250000000005158540e+00 1.135380296161232760e-02
-9.200000000005161382e+00 1.154812593762394313e-02
-9.150000000005164225e+00 1.174476507606487391e-02
-9.100000000005167067e+00 1.194369241702200601e-02
-9.050000000005169909e+00 1.214487762961880685e-02
-9.000000000005172751e+00 1.234829591704109802e-02
-8.950000000005175593e+00 1.255391996604060534e-02
-8.900000000005178435e+00 1.276171851451934208e-02
-8.850000000005181278e+00 1.297166496137755476e-02
-8.800000000005184120e+00 1.318373357335436008e-02
-8.750000000005186962e+00 1.339788437779161623e-02
-8.700000000005189804e+00 1.361407119927292991e-02
-8.650000000005192646e+00 1.383225021714976771e-02
-8.600000000005195488e+00 1.405236872384518082e-02
-8.550000000005198331e+00 1.427437818751423754e-02
-8.500000000005201173e+00 1.449823365698100358e-02
-8.450000000005204015e+00 1.472388383639639670e-02
-8.400000000005206857e+00 1.495127459031218159e-02
-8.350000000005209699e+00 1.518036099051383453e-02
-8.300000000005212542e+00 1.541109136824738574e-02
-8.250000000005215384e+00 1.564340105180065527e-02
-8.200000000005218226e+00 1.587722615926614317e-02
-8.150000000005221068e+00 1.611251550826941353e-02
-8.100000000005223910e+00 1.634922139496453736e-02
-8.050000000005226752e+00 1.658729376402334060e-02
-8.000000000005229595e+00 1.682667836286336899e-02
-7.950000000005232437e+00 1.706730965177830767e-02
-7.900000000005235279e+00 1.730910533759815600e-02
-7.850000000005238121e+00 1.755198793572668864e-02
-7.800000000005240963e+00 1.779586534609297471e-02
-7.750000000005243805e+00 1.804063656269513233e-02
-7.700000000005246648e+00 1.828620858582349212e-02
-7.650000000005249490e+00 1.853249158373018041e-02
-7.600000000005252332e+00 1.877937970909466375e-02
-7.550000000005255174e+00 1.902677051600610431e-02
-7.500000000005258016e+00 1.927457364131861944e-02
-7.450000000005260858e+00 1.952270351329123826e-02
-7.400000000005263701e+00 1.977107302201918521e-02
-7.350000000005266543e+00 2.001958823239605861e-02
-7.300000000005269385e+00 2.026814368932507854e-02
-7.250000000005272227e+00 2.051663281787132614e-02
-7.200000000005275069e+00 2.076494166966557503e-02
-7.150000000005277911e+00 2.101295573378052922e-02
-7.100000000005280754e+00 2.126056230863854896e-02
-7.050000000005283596e+00 2.150764058798217832e-02
-7.000000000005286438e+00 2.175406832430145515e-02
-6.950000000005289280e+00 2.199972185926504092e-02
-6.900000000005292122e+00 2.224446735196682762e-02
-6.850000000005294964e+00 2.248817383099153272e-02
-6.800000000005297807e+00 2.273071538558765065e-02
-6.750000000005300649e+00 2.297196513383959610e-02
-6.700000000005303491e+00 2.321180181062940800e-02
-6.650000000005306333e+00 2.345010800875203111e-02
-6.600000000005309175e+00 2.368676947237623870e-02
-6.550000000005312017e+00 2.392166834386128677e-02
-6.500000000005314860e+00 2.415468717328007192e-02
-6.450000000005317702e+00 2.438570074306007501e-02
-6.400000000005320544e+00 2.461459402530135482e-02
-6.350000000005323386e+00 2.484125146249881871e-02
-6.300000000005326228e+00 2.506555670807473352e-02
-6.250000000005329071e+00 2.528739407634066766e-02
-6.200000000005331913e+00 2.550665258211239766e-02
-6.150000000005334755e+00 2.572321449516510455e-02
-6.100000000005337597e+00 2.593697352194878486e-02
-6.050000000005340439e+00 2.614782582266799577e-02
-6.000000000005343281e+00 2.635566950620518017e-02
-5.950000000005346124e+00 2.656040296700005326e-02
-5.900000000005348966e+00 2.676192127927539549e-02
-5.850000000005351808e+00 2.696010987845661594e-02
-5.800000000005354650e+00 2.715484977310205633e-02
-5.750000000005357492e+00 2.734603195136615233e-02
-5.700000000005360334e+00 2.753355525444865087e-02
-5.650000000005363177e+00 2.771731789658134909e-02
-5.600000000005366019e+00 2.789722193238752118e-02
-5.550000000005368861e+00 2.807317261413217607e-02
-5.500000000005371703e+00 2.824507460774770135e-02
-5.450000000005374545e+00 2.841284980182012115e-02
-5.400000000005377387e+00 2.857641828721334959e-02
-5.350000000005380230e+00 2.873568924762818361e-02
-5.300000000005383072e+00 2.889058846456497159e-02
-5.250000000005385914e+00 2.904105227465655220e-02
-5.200000000005388756e+00 2.918701184244338470e-02
-5.150000000005391598e+00 2.932839632256755563e-02
-5.100000000005394440e+00 2.946513224053230046e-02
-5.050000000005397283e+00 2.959714693675350589e-02
-5.000000000005400125e+00 2.972436233366319153e-02
-4.950000000005402967e+00 2.984670529664928268e-02
-4.900000000005405809e+00 2.996410442796231671e-02
-4.850000000005408651e+00 3.007649655191967780e-02
-4.800000000005411493e+00 3.018381712814683510e-02
-4.750000000005414336e+00 3.028599327896958765e-02
-4.700000000005417178e+00 3.038296523715756231e-02
-4.650000000005420020e+00 3.047467406091603631e-02
-4.600000000005422862e+00 3.056105618674336694e-02
-4.550000000005425704e+00 3.064205878985967052e-02
-4.500000000005428547e+00 3.071762331183400946e-02
-4.450000000005431389e+00 3.078769773469253873e-02
-4.400000000005434231e+00 3.085224323364336302e-02
-4.350000000005437073e+00 3.091120794005041555e-02
-4.300000000005439915e+00 3.096455561920666982e-02
-4.250000000005442757e+00 3.101225488462710372e-02
-4.200000000005445600e+00 3.105426654154199578e-02
-4.150000000005448442e+00 3.109055895760939187e-02
-4.100000000005451284e+00 3.112111268268411696e-02
-4.050000000005454126e+00 3.114591001510385454e-02
-4.000000000005456968e+00 3.116494275645765449e-02
-3.950000000005459810e+00 3.117819971495398162e-02
-3.900000000005462653e+00 3.118566702199971480e-02
-3.850000000005465495e+00 3.118732603283281418e-02
-3.800000000005468337e+00 3.118316846412703264e-02
-3.750000000005471179e+00 3.117319833584205474e-02
-3.700000000005474021e+00 3.115740459638449006e-02
-3.650000000005476863e+00 3.113578073354638515e-02
-3.600000000005479706e+00 3.110833533429611247e-02
-3.550000000005482548e+00 3.107509766928977929e-02
-3.500000000005485390e+00 3.103610986325380100e-02
-3.450000000005488232e+00 3.099140777665351093e-02
-3.400000000005491074e+00 3.094102761527010165e-02
-3.350000000005493916e+00 3.088500710002659716e-02
-3.300000000005496759e+00 3.082339785057782583e-02
-3.250000000005499601e+00 3.075625413245627188e-02
-3.200000000005502443e+00 3.068363310360294055e-02
-3.150000000005505285e+00 3.060559865644311289e-02
-3.100000000005508127e+00 3.052221416117643221e-02
-3.050000000005510969e+00 3.043355086236685519e-02
-3.000000000005513812e+00 3.033968378740298927e-02
-2.950000000005516654e+00 3.024066993947088083e-02
-2.900000000005519496e+00 3.013657241046301810e-02
-2.850000000005522338e+00 3.002747560561678380e-02
-2.800000000005525180e+00 2.991346568415074320e-02
-2.750000000005528022e+00 2.979463274351271812e-02
-2.700000000005530865e+00 2.967108072613911657e-02
-2.650000000005533707e+00 2.954290672547042057e-02
-2.600000000005536549e+00 2.941021063674850028e-02
-2.550000000005539391e+00 2.927309953279676885e-02
-2.500000000005542233e+00 2.913169481220707208e-02
-2.450000000005545076e+00 2.898612559773280223e-02
-2.400000000005547918e+00 2.883651610711469165e-02
-2.350000000005550760e+00 2.868298689341654967e-02
-2.300000000005553602e+00 2.852566622021212445e-02
-2.250000000005556444e+00 2.836468150054224230e-02
-2.200000000005559286e+00 2.820015543585607104e-02
-2.150000000005562129e+00 2.803221063461152490e-02
-2.100000000005564971e+00 2.786097066798425698e-02
-2.050000000005567813e+00 2.768655239926161998e-02
-2.000000000005570655e+00 2.750905964448325386e-02
-1.950000000005573497e+00 2.732858948768068091e-02
-1.900000000005576339e+00 2.714524437777706550e-02
-1.850000000005579182e+00 2.695912829766968638e-02
-1.800000000005582024e+00 2.677034841713116925e-02
-1.750000000005584866e+00 2.657899828195018493e-02
-1.700000000005587708e+00 2.638515948152871798e-02
-1.650000000005590550e+00 2.618891606292077928e-02
-1.600000000005593392e+00 2.599035740012955314e-02
-1.550000000005596235e+00 2.578956771669114328e-02
-1.500000000005599077e+00 2.558663552108591394e-02
-1.450000000005601919e+00 2.538164492481086859e-02
-1.400000000005604761e+00 2.517467759045940306e-02
-1.350000000005607603e+00 2.496582584046431325e-02
-1.300000000005610445e+00 2.475517112969412986e-02
-1.250000000005613288e+00 2.454280091893375898e-02
-1.200000000005616130e+00 2.432878891538587524e-02
-1.150000000005618972e+00 2.411319927139344427e-02
-1.100000000005621814e+00 2.389610965387297531e-02
-1.050000000005624656e+00 2.367759319942844970e-02
-1.000000000005627498e+00 2.345771400083423303e-02
-9.500000000056303406e-01 2.323653105156447268e-02
-9.000000000056331828e-01 2.301410238110091627e-02
-8.500000000056360250e-01 2.279048975213775891e-02
-8.000000000056388672e-01 2.256575891646424997e-02
-7.500000000056417093e-01 2.233996893367102415e-02
-7.000000000056445515e-01 2.211317152550430071e-02
-6.500000000056473937e-01 2.188542679318670331e-02
-6.000000000056502358e-01 2.165679006845847715e-02
-5.500000000056530780e-01 2.142731583821955860e-02
-5.000000000056559202e-01 2.119707405139926309e-02
-4.500000000056587623e-01 2.096611271456586684e-02
-4.000000000056616045e-01 2.073448747240173168e-02
-3.500000000056644467e-01 2.050227865538408606e-02
-3.000000000056672889e-01 2.026955344316096891e-02
-2.500000000056701310e-01 2.003637554370042012e-02
-2.000000000056729732e-01 1.980281214176605326e-02
-1.500000000056758154e-01 1.956894087218079975e-02
-1.000000000056786575e-01 1.933486415782505879e-02
-5.000000000568149972e-02 1.910067403590656049e-02
-5.684341886080801487e-12 1.886645169001054806e-02
4.999999999431281594e-02 1.863228513826419713e-02
9.999999999430997377e-02 1.839826234526562715e-02
1.499999999943071316e-01 1.816446003694937444e-02
1.999999999943042894e-01 1.793096324529775548e-02
2.499999999943014473e-01 1.769785617711470277e-02
2.999999999942986051e-01 1.746520781549341234e-02
3.499999999942957629e-01 1.723308500702912943e-02
3.999999999942929207e-01 1.700157187348604743e-02
4.499999999942900786e-01 1.677074349007835058e-02
4.999999999942872364e-01 1.654067476543941845e-02
5.499999999942843942e-01 1.631143456420689614e-02
5.999999999942815521e-01 1.608308483361996916e-02
6.499999999942787099e-01 1.585569639530116232e-02
6.999999999942758677e-01 1.562932508774727419e-02
7.499999999942730255e-01 1.540401765179821164e-02
7.999999999942701834e-01 1.517982238276888857e-02
8.499999999942673412e-01 1.495679181869281199e-02
8.999999999942644990e-01 1.473498250118165237e-02
9.499999999942616569e-01 1.451444971889737784e-02
9.999999999942588147e-01 1.429524956362821647e-02
1.049999999994255973e+00 1.407744861007390741e-02
1.099999999994253130e+00 1.386110704974598956e-02
1.149999999994250288e+00 1.364628729776468791e-02
1.199999999994247446e+00 1.343305162235778477e-02
1.249999999994244604e+00 1.322145515158267004e-02
1.299999999994241762e+00 1.301155594083205913e-02
1.349999999994238919e+00 1.280341532332984755e-02
1.399999999994236077e+00 1.259709195775158413e-02
1.449999999994233235e+00 1.239264826463703367e-02
1.499999999994230393e+00 1.219013171108397631e-02
1.549999999994227551e+00 1.198957278827536554e-02
1.599999999994224709e+00 1.179099346054847397e-02
1.649999999994221866e+00 1.159439034897415816e-02
1.699999999994219024e+00 1.139976337481644203e-02
1.749999999994216182e+00 1.120710861314637430e-02
1.799999999994213340e+00 1.101642481907903759e-02
1.849999999994210498e+00 1.082772935046463769e-02
1.899999999994207656e+00 1.064103329987566016e-02
1.949999999994204813e+00 1.045633944552447347e-02
1.999999999994201971e+00 1.027365365705973366e-02
2.049999999994199129e+00 1.009298643787083505e-02
2.099999999994196287e+00 9.914339325105193945e-03
2.149999999994193445e+00 9.737709240102671027e-03
2.199999999994190603e+00 9.563097901894725139e-03
2.249999999994187760e+00 9.390516941987538113e-03
2.299999999994184918e+00 9.219974493480193045e-03
2.349999999994182076e+00 9.051477998552034943e-03
2.399999999994179234e+00 8.885041579939093048e-03
2.449999999994176392e+00 8.720674309986777006e-03
2.499999999994173550e+00 8.558379395304113735e-03
2.549999999994170707e+00 8.398151520241169121e-03
2.599999999994167865e+00 8.239975785153064169e-03
2.649999999994165023e+00 8.083845360763050603e-03
2.699999999994162181e+00 7.929762246374517931e-03
2.749999999994159339e+00 7.777717443933684915e-03
2.799999999994156497e+00 7.627700790876490444e-03
2.849999999994153654e+00 7.479700191163819734e-03
2.899999999994150812e+00 7.333697958813077677e-03
2.949999999994147970e+00 7.189679621144605404e-03
2.999999999994145128e+00 7.047637732423638057e-03
3.049999999994142286e+00 6.907560361515206748e-03
3.099999999994139444e+00 6.769437688650278839e-03
3.149999999994136601e+00 6.633274358116628133e-03
3.199999999994133759e+00 6.499062684757028752e-03
3.249999999994130917e+00 6.366798406799052679e-03
3.299999999994128075e+00 6.236487100886957402e-03
3.349999999994125233e+00 6.108122506553466391e-03
3.399999999994122390e+00 5.981690784921854520e-03
3.449999999994119548e+00 5.857182258678927944e-03
3.499999999994116706e+00 5.734580449571154148e-03
3.549999999994113864e+00 5.613862121514962000e-03
3.599999999994111022e+00 5.495005314487259873e-03
3.649999999994108180e+00 5.377990141496966081e-03
3.699999999994105337e+00 5.262802132503845154e-03
3.749999999994102495e+00 5.149419299654477145e-03
3.799999999994099653e+00 5.037811099153202687e-03
3.849999999994096811e+00 4.927946098982463607e-03
3.899999999994093969e+00 4.819791531822839592e-03
3.949999999994091127e+00 4.713308244869839070e-03
3.999999999994088284e+00 4.608461602841278093e-03
4.049999999994085442e+00 4.505228138876229971e-03
4.099999999994082600e+00 4.403582484441580236e-03
4.149999999994079758e+00 4.303502140670559251e-03
4.199999999994076916e+00 4.204964998736022974e-03
4.249999999994074074e+00 4.107943436226911549e-03
4.299999999994071231e+00 4.012411160034111413e-03
4.349999999994068389e+00 3.918351859391891456e-03
4.399999999994065547e+00 3.825744744657161300e-03
4.449999999994062705e+00 3.734563911474912679e-03
4.499999999994059863e+00 3.644772594814063571e-03
4.549999999994057021e+00 3.556337339301995915e-03
4.599999999994054178e+00 3.469222575936493913e-03
4.649999999994051336e+00 3.383384937151887040e-03
4.699999999994048494e+00 3.298784118880217220e-03
4.749999999994045652e+00 3.215384475985988422e-03
4.799999999994042810e+00 3.133170621145597856e-03
4.849999999994039968e+00 3.052129548098747591e-03
4.899999999994037125e+00 2.972248719982265031e-03
4.949999999994034283e+00 2.893526268205444396e-03
4.999999999994031441e+00 2.815957126624822615e-03
5.049999999994028599e+00 2.739533527497860221e-03
5.099999999994025757e+00 2.664246838485602453e-03
5.149999999994022915e+00 2.590079720567822763e-03
5.199999999994020072e+00 2.517022335870096328e-03
5.249999999994017230e+00 2.445071090946521197e-03
5.299999999994014388e+00 2.374217483692424302e-03
5.349999999994011546e+00 2.304455076273838332e-03
5.399999999994008704e+00 2.235778523287906827e-03
5.449999999994005861e+00 2.168180255543827872e-03
5.499999999994003019e+00 2.101661248084293887e-03
5.549999999994000177e+00 2.036224467226670221e-03
5.599999999993997335e+00 1.971863344366900361e-03
5.649999999993994493e+00 1.908568366817735285e-03
5.699999999993991651e+00 1.846336135421317026e-03
5.749999999993988808e+00 1.785167926589795173e-03
5.799999999993985966e+00 1.725066552739087933e-03
5.849999999993983124e+00 1.666037128667890999e-03
5.899999999993980282e+00 1.608080555410645873e-03
5.949999999993977440e+00 1.551200020760944154e-03
5.999999999993974598e+00 1.495410273546021740e-03
6.049999999993971755e+00 1.440728988696259039e-03
6.099999999993968913e+00 1.387171567111829262e-03
6.149999999993966071e+00 1.334758030438781828e-03
6.199999999993963229e+00 1.283514412339516186e-03
6.249999999993960387e+00 1.233455674389150047e-03
6.299999999993957545e+00 1.184584450472800365e-03
6.349999999993954702e+00 1.136910908066245118e-03
6.399999999993951860e+00 1.090440586962712621e-03
6.449999999993949018e+00 1.045169403390194818e-03
6.499999999993946176e+00 1.001085568444359808e-03
6.549999999993943334e+00 9.581744039780515365e-04
6.599999999993940492e+00 9.164188674783760313e-04
6.649999999993937649e+00 8.758046224099785837e-04
6.699999999993934807e+00 8.363225046960076625e-04
6.749999999993931965e+00 7.979572415751992609e-04
6.799999999993929123e+00 7.606942208540287687e-04
6.849999999993926281e+00 7.245217598645867230e-04
6.899999999993923439e+00 6.894264689883758401e-04
6.949999999993920596e+00 6.554021172640173143e-04
6.999999999993917754e+00 6.224359025061368400e-04
7.049999999993914912e+00 5.905067298517252539e-04
7.099999999993912070e+00 5.596046243444910417e-04
7.149999999993909228e+00 5.297225779852463012e-04
7.199999999993906385e+00 5.008357613552130716e-04
7.249999999993903543e+00 4.729122490431184045e-04
7.299999999993900701e+00 4.459194083238360307e-04
7.349999999993897859e+00 4.198221249459635485e-04
7.399999999993895017e+00 3.945768702939903005e-04
7.449999999993892175e+00 3.701369640602969469e-04
7.499999999993889332e+00 3.464630751300462608e-04
7.549999999993886490e+00 3.235158725048981054e-04
7.599999999993883648e+00 3.012531217954222962e-04
7.649999999993880806e+00 2.796345656647034050e-04
7.699999999993877964e+00 2.586280365264870262e-04
7.749999999993875122e+00 2.382044322560630811e-04
7.799999999993872279e+00 2.183366123336000220e-04
7.849999999993869437e+00 1.990037402712710457e-04
7.899999999993866595e+00 1.801899653476185525e-04
7.949999999993863753e+00 1.618799103263596217e-04
7.999999999993860911e+00 1.440540855928706954e-04
8.049999999993858069e+00 1.267016533455650462e-04
8.099999999993855226e+00 1.098110917451405877e-04
8.149999999993852384e+00 9.336325424433300491e-05
8.199999999993849542e+00 7.734543931423726315e-05
8.249999999993846700e+00 6.174894824279020256e-05
8.299999999993843858e+00 4.656629381077220797e-05
8.349999999993841016e+00 3.178890237457571155e-05
8.399999999993838173e+00 1.739757744340791890e-05
8.449999999993835331e+00 3.382427320168523988e-06
8.499999999993832489e+00 -1.025388259462411966e-05
8.549999999993829647e+00 -2.350476188409805767e-05
8.599999999993826805e+00 -3.636556774032351225e-05
8.649999999993823963e+00 -4.881486394198858436e-05
8.699999999993821120e+00 -6.084243313118908869e-05
8.749999999993818278e+00 -7.244245662506310079e-05
8.799999999993815436e+00 -8.360075329608140926e-05
8.849999999993812594e+00 -9.429564022192526984e-05
8.899999999993809752e+00 -1.045123838311068365e-04
8.949999999993806910e+00 -1.142391782748483631e-04
8.999999999993804067e+00 -1.234561484700288925e-04
9.049999999993801225e+00 -1.321387185677438958e-04
9.099999999993798383e+00 -1.402609940080803974e-04
9.149999999993795541e+00 -1.477873207041680015e-04
9.199999999993792699e+00 -1.546769327562466656e-04
9.249999999993789856e+00 -1.588191257643409293e-04
9.299999999993787014e+00 -1.360873679652971346e-04
9.349999999993784172e+00 -1.133121437492945471e-04
9.399999999993781330e+00 -9.050384172064329658e-05
9.449999999993778488e+00 -6.767712986227580885e-05
9.499999999993775646e+00 -4.484956215825008918e-05
9.549999999993772803e+00 -2.203638586225492579e-05
9.599999999993769961e+00 -2.556874910972922743e-05
9.649999999993767119e+00 -4.640395107562145238e-05
9.699999999993764277e+00 -6.737699675438829638e-05
9.749999999993761435e+00 -8.848064824787393867e-05
9.799999999993758593e+00 -1.097086296175733833e-04
9.849999999993755750e+00 -1.310501698993937758e-04
9.899999999993752908e+00 -1.524990906544704261e-04
9.949999999993750066e+00 -1.740382251681216186e-04
9.999999999993747224e+00 -1.956465735552803675e-04
1.004999999999374438e+01 -2.173008751679139650e-04
1.009999999999374154e+01 -2.350328608642510142e-04
1.014999999999373870e+01 -2.141347696047457561e-04
1.019999999999373586e+01 -1.935261392658413349e-04
1.024999999999373301e+01 -1.732045418984459739e-04
1.029999999999373017e+01 -1.531777937097134057e-04
1.034999999999372733e+01 -1.334546083042523201e-04
1.039999999999372449e+01 -1.140423331929818485e-04
1.044999999999372164e+01 -9.495231542443888229e-05
1.049999999999371880e+01 -7.620482524672844704e-05
1.054999999999371596e+01 -5.780535648086670975e-05
1.059999999999371312e+01 -3.975820434648502655e-05
1.064999999999371028e+01 -2.207979799175030511e-05
1.069999999999370743e+01 -4.786277651679105016e-06
1.074999999999370459e+01 1.211029935396790158e-05
1.079999999999370175e+01 2.859250831126203263e-05
1.084999999999369891e+01 4.464724127443975288e-05
1.089999999999369606e+01 6.026522588118560231e-05
1.094999999999369322e+01 7.544420132553353309e-05
1.099999999999369038e+01 7.277393807064713727e-05
1.104999999999368754e+01 4.137112899810918565e-05
1.109999999999368470e+01 9.884318246722312296e-06
1.114999999999368185e+01 -2.168101708928393823e-05
1.119999999999367901e+01 -5.331456618704738526e-05
1.124999999999367617e+01 -8.500234315864108048e-05
1.129999999999367333e+01 -1.167302973204206729e-04
1.134999999999367049e+01 -1.484822502934510235e-04
1.139999999999366764e+01 -1.802486709764072881e-04
1.144999999999366480e+01 -2.120199496796482119e-04
1.149999999999366196e+01 -2.437782919324504860e-04
1.154999999999365912e+01 -2.755043821468308729e-04
1.159999999999365627e+01 -3.071787817259460929e-04
1.164999999999365343e+01 -3.387821259249329531e-04
1.169999999999365059e+01 -3.702889382315027733e-04
1.174999999999364775e+01 -4.016788425045339506e-04
1.179999999999364491e+01 -4.329415975713596376e-04
1.184999999999364206e+01 -4.635329783641284340e-04
1.189999999999363922e+01 -4.626565212103236902e-04
1.194999999999363638e+01 -4.621009994576694146e-04
1.199999999999363354e+01 -4.618827433533340132e-04
1.204999999999363069e+01 -4.620082150014609423e-04
1.209999999999362785e+01 -4.624835739951149716e-04
1.214999999999362501e+01 -4.633109752384123592e-04
1.219999999999362217e+01 -4.644735243675909842e-04
1.224999999999361933e+01 -4.659622854243303247e-04
1.229999999999361648e+01 -4.677687851032119593e-04
1.234999999999361364e+01 -4.698772917895166490e-04
1.239999999999361080e+01 -4.722690972115903274e-04
1.244999999999360796e+01 -4.749151118020600304e-04
1.249999999999360512e+01 -4.777797065987285374e-04
1.254999999999360227e+01 -4.808281803331537763e-04
1.259999999999359943e+01 -4.840301692670273548e-04
1.264999999999359659e+01 -4.873633899209958709e-04
1.269999999999359375e+01 -4.908029760039983591e-04
1.274999999999359090e+01 -4.943149869799517981e-04
1.279999999999358806e+01 -4.978731033438640874e-04
1.284999999999358522e+01 -5.014399983941514316e-04
1.289999999999358238e+01 -5.049730251264275549e-04
1.294999999999357954e+01 -5.084320249386237167e-04
1.299999999999357669e+01 -5.117676959310105134e-04
1.304999999999357385e+01 -5.149283209417640506e-04
1.309999999999357101e+01 -5.178650551413144232e-04
1.314999999999356817e+01 -5.205229521894963463e-04
1.319999999999356532e+01 -5.228577049646368491e-04
1.324999999999356248e+01 -5.248339403200949493e-04
1.329999999999355964e+01 -5.264219654009874572e-04
1.334999999999355680e+01 -5.275947175936573919e-04
1.339999999999355396e+01 -5.283296947228288687e-04
1.344999999999355111e+01 -5.286012900546921411e-04
1.349999999999354827e+01 -5.283846520324833596e-04
1.354999999999354543e+01 -5.247145702917538346e-04
1.359999999999354259e+01 -5.146388470673168847e-04
1.364999999999353975e+01 -5.044721439033533761e-04
1.369999999999353690e+01 -4.942447102327593433e-04
1.374999999999353406e+01 -4.839753166140312035e-04
1.379999999999353122e+01 -4.736778052275500417e-04
1.384999999999352838e+01 -4.633690900899614662e-04
1.389999999999352553e+01 -4.530671841133232514e-04
1.394999999999352269e+01 -4.427839775966446734e-04
1.399999999999351985e+01 -4.325263052507508088e-04
1.404999999999351701e+01 -4.223083348622452826e-04
1.409999999999351417e+01 -4.121362031298259065e-04
1.414999999999351132e+01 -4.019997945269582207e-04
1.419999999999350848e+01 -3.918897840055127202e-04
1.424999999999350564e+01 -3.817986662722275271e-04
1.429999999999350280e+01 -3.717256151921782825e-04
1.434999999999349996e+01 -3.616708902402301917e-04
1.439999999999349711e+01 -3.372568883555013275e-04
1.444999999999349427e+01 -3.097240966953296315e-04
1.449999999999349143e+01 -2.815405582777819049e-04
1.454999999999348859e+01 -2.527366033287306579e-04
1.459999999999348574e+01 -2.233374648871466750e-04
1.464999999999348290e+01 -1.933529055155244758e-04
1.469999999999348006e+01 -1.628038931573427828e-04
1.474999999999347722e+01 -1.317302994194649579e-04
1.479999999999347438e+01 -1.001785186581505283e-04
1.484999999999347153e+01 -6.819063185103946267e-05
1.489999999999346869e+01 -3.581326964532949297e-05
1.494999999999346585e+01 -3.084860426980085002e-06
1.499999999999346301e+01 2.996323111069398859e-05
1.504999999999346016e+01 6.330160518230182332e-05
1.509999999999345732e+01 9.691249190423717463e-05
1.514999999999345448e+01 1.307860421164222520e-04
1.519999999999345164e+01 1.649102389470052943e-04
1.524999999999344880e+01 1.992646388585608830e-04
1.529999999999344595e+01 2.338232184197763797e-04
1.534999999999344311e+01 2.685674129205145588e-04
1.539999999999344027e+01 3.034846905745416934e-04
1.544999999999343743e+01 3.385521826984039251e-04
1.549999999999343459e+01 3.737384842420823916e-04
1.554999999999343174e+01 4.090212335911419528e-04
1.559999999999342890e+01 4.443781901364504683e-04
1.564999999999342606e+01 4.797902531724351771e-04
1.569999999999342322e+01 5.152322411897808374e-04
1.574999999999342037e+01 5.506874180965515286e-04
1.579999999999341753e+01 5.861473990281459989e-04
1.584999999999341469e+01 6.215979089269907387e-04
1.589999999999341185e+01 6.349164100658624688e-04
1.594999999999340901e+01 6.211890315628645909e-04
1.599999999999340616e+01 6.069633436628293910e-04
1.604999999999340332e+01 5.922670947044877954e-04
1.609999999999340048e+01 5.771225934527099422e-04
1.614999999999339764e+01 5.615403408828836818e-04
1.619999999999339479e+01 5.455313610704878857e-04
1.624999999999339195e+01 5.291141805518206898e-04
1.629999999999338911e+01 5.123083181382548368e-04
1.634999999999338627e+01 4.951375230882737455e-04
1.639999999999338343e+01 4.776220202544964599e-04
1.644999999999338058e+01 4.597850560378938245e-04
1.649999999999337774e+01 4.416620411858418471e-04
1.654999999999337490e+01 4.232790668458052963e-04
1.659999999999337206e+01 4.046558350261006409e-04
1.664999999999336922e+01 3.858150689792713695e-04
1.669999999999336637e+01 3.667768489107395280e-04
1.674999999999336353e+01 3.475473344187185454e-04
1.679999999999336069e+01 3.281173398017658838e-04
1.684999999999335785e+01 3.084774850539984126e-04
1.689999999999335500e+01 2.886167633143962852e-04
1.694999999999335216e+01 2.685134569443067831e-04
1.699999999999334932e+01 2.481450858576733642e-04
1.704999999999334648e+01 2.274857392684237478e-04
1.709999999999334364e+01 2.065040365092848940e-04
1.714999999999334079e+01 1.851769107794054570e-04
1.719999999999333795e+01 1.634894190942343117e-04
1.724999999999333511e+01 1.413845059479307276e-04
1.729999999999333227e+01 1.034129820417298284e-04
1.734999999999332942e+01 6.541915504708339935e-05
1.739999999999332658e+01 2.741398760297553139e-05
1.744999999999332374e+01 -1.695941521072386049e-06
1.749999999999332090e+01 -1.910155166197358145e-05
1.754999999999331806e+01 -3.666433633191246155e-05
1.759999999999331521e+01 -5.435810599036666746e-05
1.764999999999331237e+01 -7.215033365993994696e-05
1.769999999999330953e+01 -9.001079764280051076e-05
1.774999999999330669e+01 -1.079035122490829002e-04
1.779999999999330385e+01 -1.257852309886273168e-04
1.784999999999330100e+01 -1.436092607753555739e-04
1.789999999999329816e+01 -1.613315946126375744e-04
1.794999999999329532e+01 -1.789107804335415830e-04
1.799999999999329248e+01 -1.963038347262968664e-04
1.804999999999328963e+01 -2.134681315604028407e-04
1.809999999999328679e+01 -2.303615405856579423e-04
1.814999999999328395e+01 -2.469403558361810136e-04
1.819999999999328111e+01 -2.631622196362856658e-04
1.824999999999327827e+01 -2.789896700682650832e-04
1.829999999999327542e+01 -2.943833720398247866e-04
1.834999999999327258e+01 -3.093032444473758913e-04
1.839999999999326974e+01 -3.237168237864226916e-04
1.844999999999326690e+01 -3.375934561266821787e-04
1.849999999999326405e+01 -3.509005398388970187e-04
1.854999999999326121e+01 -3.636052239604781189e-04
1.859999999999325837e+01 -3.756733683864671436e-04
1.864999999999325553e+01 -3.870636561877083270e-04
1.869999999999325269e+01 -3.977415836901587731e-04
1.874999999999324984e+01 -4.076823169258808610e-04
1.879999999999324700e+01 -4.168527426324369900e-04
1.884999999999324416e+01 -4.252126878589446157e-04
1.889999999999324132e+01 -4.327348821839202553e-04
1.894999999999323848e+01 -4.393994701305942163e-04
1.899999999999323563e+01 -4.451822908957403513e-04
1.904999999999323279e+01 -4.500732493557257907e-04
1.909999999999322995e+01 -4.540746665904274448e-04
1.914999999999322711e+01 -4.572037162137096433e-04
1.919999999999322426e+01 -4.594744860154029165e-04
1.924999999999322142e+01 -4.608907170120246644e-04
1.929999999999321858e+01 -4.614607838001952289e-04
1.934999999999321574e+01 -4.611954584532729218e-04
1.939999999999321290e+01 -4.600992183522029100e-04
1.944999999999321005e+01 -4.581824414996646389e-04
1.949999999999320721e+01 -4.554587432673701253e-04
1.954999999999320437e+01 -4.519443383179874707e-04
1.959999999999320153e+01 -4.476609765893188597e-04
1.964999999999319868e+01 -4.541681590941940017e-04
1.969999999999319584e+01 -4.633044339326444772e-04
1.974999999999319300e+01 -4.717948537750968341e-04
1.979999999999319016e+01 -4.796217061225627187e-04
1.984999999999318732e+01 -4.867787942037932192e-04
1.989999999999318447e+01 -4.932603305911539837e-04
1.994999999999318163e+01 -4.990647038156242887e-04
1.999999999999317879e+01 -5.041974078542274529e-04
2.004999999999317595e+01 -5.086555239478332546e-04
2.009999999999317311e+01 -5.124374418593660718e-04
2.014999999999317026e+01 -5.155461159940116778e-04
2.019999999999316742e+01 -5.179925187919487417e-04
2.024999999999316458e+01 -5.197943355960271683e-04
2.029999999999316174e+01 -5.246152331432676896e-04
2.034999999999315889e+01 -5.126041933361524805e-04
2.039999999999315605e+01 -5.008400694051853841e-04
2.044999999999315321e+01 -4.893563104700557331e-04
2.049999999999315037e+01 -4.781923307331792383e-04
2.054999999999314753e+01 -4.673856341300131056e-04
2.059999999999314468e+01 -4.569721445888616507e-04
2.064999999999314184e+01 -4.469855104507203247e-04
2.069999999999313900e+01 -4.374415046466476054e-04
2.074999999999313616e+01 -4.283436302617710245e-04
2.079999999999313332e+01 -4.197106179941040294e-04
2.084999999999313047e+01 -4.115686459038245260e-04
2.089999999999312763e+01 -4.039407061528638154e-04
2.094999999999312479e+01 -3.968467879820955502e-04
2.099999999999312195e+01 -3.903064318871440896e-04
2.104999999999311910e+01 -3.843342405072946999e-04
2.109999999999311626e+01 -3.789488347734140672e-04
2.114999999999311342e+01 -3.741602039187275075e-04
2.119999999999311058e+01 -3.699685463221802362e-04
2.124999999999310774e+01 -3.663713341486296571e-04
2.129999999999310489e+01 -3.633670196115865170e-04
2.134999999999310205e+01 -3.609656655799917124e-04
2.139999999999309921e+01 -3.591821635590686235e-04
2.144999999999309637e+01 -3.580234748619959273e-04
2.149999999999309352e+01 -3.574898718875785253e-04
2.154999999999309068e+01 -3.575784809708854040e-04
2.159999999999308784e+01 -3.582801659284470808e-04
2.164999999999308500e+01 -3.595705121306261298e-04
2.169999999999308216e+01 -3.614176074044767040e-04
2.174999999999307931e+01 -3.637926156107515463e-04
2.179999999999307647e+01 -3.666634937449855802e-04
2.184999999999307363e+01 -3.699988383523492019e-04
2.189999999999307079e+01 -3.737664381047167694e-04
2.194999999999306795e+01 -3.779416148106187756e-04
2.199999999999306510e+01 -3.825042400445108348e-04
2.204999999999306226e+01 -3.874251180382010107e-04
2.209999999999305942e+01 -3.926620849606654584e-04
2.214999999999305658e+01 -3.981828540488147050e-04
2.219999999999305373e+01 -4.039498663861579297e-04
2.224999999999305089e+01 -4.099167419977026161e-04
2.229999999999304805e+01 -4.160372770559070399e-04
2.234999999999304521e+01 -4.222685471054962725e-04
2.239999999999304237e+01 -4.285806905960573565e-04
2.244999999999303952e+01 -4.349526687164942396e-04
2.249999999999303668e+01 -4.413625778338717276e-04
2.254999999999303384e+01 -4.477954978683446052e-04
2.259999999999303100e+01 -4.484259304032289783e-04
2.264999999999302815e+01 -4.384480116025116225e-04
2.269999999999302531e+01 -4.282793100260084973e-04
2.274999999999302247e+01 -4.179349668243168003e-04
2.279999999999301963e+01 -4.074330400790499018e-04
2.284999999999301679e+01 -3.967887719303411775e-04
2.289999999999301394e+01 -3.860221001473554403e-04
2.294999999999301110e+01 -3.751372508703151865e-04
2.299999999999300826e+01 -3.641406878487490895e-04
2.304999999999300542e+01 -3.530466518604988280e-04
2.309999999999300258e+01 -3.418621374368380206e-04
2.314999999999299973e+01 -3.305822715697417924e-04
2.319999999999299689e+01 -3.192256376892410596e-04
2.324999999999299405e+01 -3.078086215785452717e-04
2.329999999999299121e+01 -2.963222203875223726e-04
2.334999999999298836e+01 -2.847646136743819945e-04
2.339999999999298552e+01 -2.731553711038947618e-04
2.344999999999298268e+01 -2.615042210334164730e-04
2.349999999999297984e+01 -2.498052511605980408e-04
2.354999999999297700e+01 -2.380601281484068243e-04
2.359999999999297415e+01 -2.262766640265950757e-04
2.364999999999297131e+01 -2.144665853622482188e-04
2.369999999999296847e+01 -2.026472610546919961e-04
2.374999999999296563e+01 -1.908249612274717788e-04
2.379999999999296278e+01 -1.790055652994212987e-04
2.384999999999295994e+01 -1.672038254083227371e-04
2.389999999999295710e+01 -1.554265587176278940e-04
2.394999999999295426e+01 -1.436830486532467144e-04
2.399999999999295142e+01 -1.319856509281180923e-04
2.404999999999294857e+01 -1.203376683986262519e-04
2.409999999999294573e+01 -1.087379431814541886e-04
2.414999999999294289e+01 -9.719297126102588447e-05
2.419999999999294005e+01 -8.571917515051707959e-05
2.424999999999293721e+01 -7.432704657766436851e-05
2.429999999999293436e+01 -6.302425779072112766e-05
2.434999999999293152e+01 -5.181543473934541177e-05
2.439999999999292868e+01 -4.069860301640637612e-05
2.444999999999292584e+01 -2.967158505631090071e-05
2.449999999999292299e+01 -1.874379654053653921e-05
2.454999999999292015e+01 -7.946816274091716981e-06
2.459999999999291731e+01 2.699031512273797340e-06
2.464999999999291447e+01 1.319308706836108680e-05
2.469999999999291163e+01 2.352305581214408914e-05
2.474999999999290878e+01 3.367477314663441801e-05
2.479999999999290594e+01 4.363180803618887937e-05
2.484999999999290310e+01 5.337839963250740061e-05
2.489999999999290026e+01 6.289827189927960083e-05
2.494999999999289741e+01 7.217780780927052220e-05
2.499999999999289457e+01 8.120025423748178373e-05
2.504999999999289173e+01 8.995552449868327027e-05
2.509999999999288889e+01 9.843871971405154797e-05
2.514999999999288605e+01 1.066421007481221928e-04
2.519999999999288320e+01 1.145700156126860936e-04
2.524999999999288036e+01 1.222403049813483578e-04
2.529999999999287752e+01 1.296729776489383146e-04
2.534999999999287468e+01 1.368782062844131620e-04
2.539999999999287184e+01 1.438580889202289992e-04
2.544999999999286899e+01 1.506133554447508516e-04
2.549999999999286615e+01 1.571440012349267779e-04
2.554999999999286331e+01 1.634464432779675347e-04
2.559999999999286047e+01 1.695317724906761359e-04
2.564999999999285762e+01 1.754052908896283625e-04
2.569999999999285478e+01 1.810506080056062395e-04
2.574999999999285194e+01 1.864519845388434849e-04
2.579999999999284910e+01 1.915999114036476270e-04
2.584999999999284626e+01 1.964786098751225563e-04
2.589999999999284341e+01 2.010731381784161553e-04
2.594999999999284057e+01 2.053803200226453352e-04
2.599999999999283773e+01 2.094069235782716754e-04
2.604999999999283489e+01 2.131597169100635236e-04
2.609999999999283204e+01 2.166439761404695408e-04
2.614999999999282920e+01 2.198686022044510358e-04
