-3.385000000000376019e+01 -6.484681416391718800e-05
-3.380000000000376303e+01 -1.161401491218475024e-04
-3.375000000000376588e+01 -1.676916276342060863e-04
-3.370000000000376872e+01 -2.195011936445140366e-04
-3.365000000000377156e+01 -2.715629291588292360e-04
-3.360000000000377440e+01 -3.238658661645354986e-04
-3.355000000000377725e+01 -3.764074024115229844e-04
-3.350000000000378009e+01 -4.291795852499474817e-04
-3.345000000000378293e+01 -4.821740066460328267e-04
-3.340000000000378577e+01 -5.353865356536244291e-04
-3.335000000000378861e+01 -5.888219316792370206e-04
-3.330000000000379146e+01 -6.424881782836622257e-04
-3.325000000000379430e+01 -6.964010018658331469e-04
-3.320000000000379714e+01 -7.505727599736722322e-04
-3.315000000000379998e+01 -8.050006361193448590e-04
-3.310000000000380282e+01 -8.596768333540838469e-04
-3.305000000000380567e+01 -9.145862642893007322e-04
-3.300000000000380851e+01 -9.697071982995020267e-04
-3.295000000000381135e+01 -1.025005369654954923e-03
-3.290000000000381419e+01 -1.080438333780527060e-03
-3.285000000000381704e+01 -1.135951294546945489e-03
-3.280000000000381988e+01 -1.191487001986506200e-03
-3.275000000000382272e+01 -1.246989289117692024e-03
-3.270000000000382556e+01 -1.302420824510007458e-03
-3.265000000000382840e+01 -1.357752865588632285e-03
-3.260000000000383125e+01 -1.412960774426014199e-03
-3.255000000000383409e+01 -1.459233092394353337e-03
-3.250000000000383693e+01 -1.480541042634946070e-03
-3.245000000000383977e+01 -1.501415406015109422e-03
-3.240000000000384262e+01 -1.521874877390576308e-03
-3.235000000000384546e+01 -1.541942563337332650e-03
-3.230000000000384830e+01 -1.561644680968587995e-03
-3.225000000000385114e+01 -1.580997429541070032e-03
-3.220000000000385398e+01 -1.600012154215506299e-03
-3.215000000000385683e+01 -1.618697650709759184e-03
-3.210000000000385967e+01 -1.637059714104799335e-03
-3.205000000000386251e+01 -1.655106805182514351e-03
-3.200000000000386535e+01 -1.672853704247606599e-03
-3.195000000000386819e+01 -1.690321892994353647e-03
-3.190000000000387104e+01 -1.707525307922543034e-03
-3.185000000000387388e+01 -1.724479575532150699e-03
-3.180000000000387672e+01 -1.741202691656736079e-03
-3.175000000000387956e+01 -1.757709922557283699e-03
-3.170000000000388241e+01 -1.774014275301327714e-03
-3.165000000000388525e+01 -1.790140368181848685e-03
-3.160000000000388809e+01 -1.800759260370758674e-03
-3.155000000000389093e+01 -1.802055585863382436e-03
-3.150000000000389377e+01 -1.803546685099785551e-03
-3.145000000000389662e+01 -1.805242264115582140e-03
-3.140000000000389946e+01 -1.807143874166569630e-03
-3.135000000000390230e+01 -1.809250968511026680e-03
-3.130000000000390514e+01 -1.811547046714705178e-03
-3.125000000000390799e+01 -1.814022946021280613e-03
-3.120000000000391083e+01 -1.816664876494185343e-03
-3.115000000000391367e+01 -1.819460085154211981e-03
-3.110000000000391651e+01 -1.822404524378491708e-03
-3.105000000000391935e+01 -1.825492336859017850e-03
-3.100000000000392220e+01 -1.828719278990011132e-03
-3.095000000000392504e+01 -1.832085163238468539e-03
-3.090000000000392788e+01 -1.835592295479769598e-03
-3.085000000000393072e+01 -1.839232730899288681e-03
-3.080000000000393356e+01 -1.842987915171095947e-03
-3.075000000000393641e+01 -1.846834041323144882e-03
-3.070000000000393925e+01 -1.850745961772794212e-03
-3.065000000000394209e+01 -1.854698464182472084e-03
-3.060000000000394493e+01 -1.858668331355804726e-03
-3.055000000000394778e+01 -1.862627146753038920e-03
-3.050000000000395062e+01 -1.866544043585112445e-03
-3.045000000000395346e+01 -1.870381824783773350e-03
-3.040000000000395630e+01 -1.874097886223759224e-03
-3.035000000000395914e+01 -1.877662462157703160e-03
-3.030000000000396199e+01 -1.881051628059626779e-03
-3.025000000000396483e+01 -1.884241664285066231e-03
-3.020000000000396767e+01 -1.887215078337244056e-03
-3.015000000000397051e+01 -1.889953263461648103e-03
-3.010000000000397335e+01 -1.892436397290517269e-03
-3.005000000000397620e+01 -1.894636140554142867e-03
-3.000000000000397904e+01 -1.896527320283621088e-03
-2.995000000000398188e+01 -1.898083324586970211e-03
-2.990000000000398472e+01 -1.899276205836401832e-03
-2.985000000000398757e+01 -1.900076590996634118e-03
-2.980000000000399041e+01 -1.900457673344298215e-03
-2.975000000000399325e+01 -1.900403943316766875e-03
-2.970000000000399609e+01 -1.899900064962475876e-03
-2.965000000000399893e+01 -1.898934680809982734e-03
-2.960000000000400178e+01 -1.897505590120592001e-03
-2.955000000000400462e+01 -1.895611103343547432e-03
-2.950000000000400746e+01 -1.893243711909617377e-03
-2.945000000000401030e+01 -1.890387609657942503e-03
-2.940000000000401315e+01 -1.887028534599384522e-03
-2.935000000000401599e+01 -1.883147517221774037e-03
-2.930000000000401883e+01 -1.878739333560246194e-03
-2.925000000000402167e+01 -1.873795782998816106e-03
-2.920000000000402451e+01 -1.868301005977283935e-03
-2.915000000000402736e+01 -1.862236694888691479e-03
-2.910000000000403020e+01 -1.855588989996749538e-03
-2.905000000000403304e+01 -1.848345624403280318e-03
-2.900000000000403588e+01 -1.840503503319185219e-03
-2.895000000000403872e+01 -1.832056569962089987e-03
-2.890000000000404157e+01 -1.823010756731892335e-03
-2.885000000000404441e+01 -1.813372242623956243e-03
-2.880000000000404725e+01 -1.803142835551385659e-03
-2.875000000000405009e+01 -1.792328786659164175e-03
-2.870000000000405294e+01 -1.780930076459311118e-03
-2.865000000000405578e+01 -1.768946396384793451e-03
-2.860000000000405862e+01 -1.756372738197085892e-03
-2.855000000000406146e+01 -1.743199653029173235e-03
-2.850000000000406430e+01 -1.729424507985133364e-03
-2.845000000000406715e+01 -1.715048987560301164e-03
-2.840000000000406999e+01 -1.700077763429543032e-03
-2.835000000000407283e+01 -1.684510916234283062e-03
-2.830000000000407567e+01 -1.668342515534139425e-03
-2.825000000000407852e+01 -1.651574721437593096e-03
-2.820000000000408136e+01 -1.634218146325423782e-03
-2.815000000000408420e+01 -1.616277667002966045e-03
-2.810000000000408704e+01 -1.597763996936646391e-03
-2.805000000000408988e+01 -1.578685002314783592e-03
-2.800000000000409273e+01 -1.559057915468356481e-03
-2.795000000000409557e+01 -1.538892029164663777e-03
-2.790000000000409841e+01 -1.518195488243362368e-03
-2.785000000000410125e+01 -1.496983344105348723e-03
-2.780000000000410409e+01 -1.475272809607526547e-03
-2.775000000000410694e+01 -1.453077029510502216e-03
-2.770000000000410978e+01 -1.430407120178667224e-03
-2.765000000000411262e+01 -1.407261190197670042e-03
-2.760000000000411546e+01 -1.383640154249590748e-03
-2.755000000000411831e+01 -1.359552883391366984e-03
-2.750000000000412115e+01 -1.334998237621391748e-03
-2.745000000000412399e+01 -1.309980333727631119e-03
-2.740000000000412683e+01 -1.284504987866932901e-03
-2.735000000000412967e+01 -1.258585258739224055e-03
-2.730000000000413252e+01 -1.232238308722141684e-03
-2.725000000000413536e+01 -1.205471456303904010e-03
-2.720000000000413820e+01 -1.178303188904127052e-03
-2.715000000000414104e+01 -1.150754396728695395e-03
-2.710000000000414389e+01 -1.122842669423550210e-03
-2.705000000000414673e+01 -1.094584746706615819e-03
-2.700000000000414957e+01 -1.065995222377290330e-03
-2.695000000000415241e+01 -1.037094834672819266e-03
-2.690000000000415525e+01 -1.007906184959383999e-03
-2.685000000000415810e+01 -9.784597862574490046e-04
-2.680000000000416094e+01 -9.487906323077457960e-04
-2.675000000000416378e+01 -9.189340814879307096e-04
-2.670000000000416662e+01 -8.889193703898873311e-04
-2.665000000000416946e+01 -8.587776346286601914e-04
-2.660000000000417231e+01 -8.285468078450750062e-04
-2.655000000000417515e+01 -7.982572777965740718e-04
-2.650000000000417799e+01 -7.679460707358531923e-04
-2.645000000000418083e+01 -7.376517853551686765e-04
-2.640000000000418368e+01 -7.074152515668674646e-04
-2.635000000000418652e+01 -6.648429902780805811e-04
-2.630000000000418936e+01 -6.117264636614008766e-04
-2.625000000000419220e+01 -5.580191401095072057e-04
-2.620000000000419504e+01 -5.037931512580084981e-04
-2.615000000000419789e+01 -4.491382788355813283e-04
-2.610000000000420073e+01 -3.941524163770804279e-04
-2.605000000000420357e+01 -3.389237445893325540e-04
-2.600000000000420641e+01 -2.835486569614104058e-04
-2.595000000000420926e+01 -2.281235091220329414e-04
-2.590000000000421210e+01 -1.727491362575606093e-04
-2.585000000000421494e+01 -1.175173914863339442e-04
-2.580000000000421778e+01 -6.252002396222450242e-05
-2.575000000000422062e+01 -7.839157025645027144e-06
-2.570000000000422347e+01 4.645236702688348984e-05
-2.565000000000422631e+01 1.002775568651748106e-04
-2.560000000000422915e+01 1.535696980584297378e-04
-2.555000000000423199e+01 2.062771359522957981e-04
-2.550000000000423483e+01 2.583444137127313689e-04
-2.545000000000423768e+01 3.097169028801888269e-04
-2.540000000000424052e+01 3.603408278772951556e-04
-2.535000000000424336e+01 4.101685621153636219e-04
-2.530000000000424620e+01 4.591579569687906370e-04
-2.525000000000424905e+01 5.072673199979574332e-04
-2.520000000000425189e+01 5.544664469820589914e-04
-2.515000000000425473e+01 6.007447095797632808e-04
-2.510000000000425757e+01 6.460926590627080746e-04
-2.505000000000426041e+01 6.904936497888966573e-04
-2.500000000000426326e+01 7.339330176480626799e-04
-2.495000000000426610e+01 7.763921338567320030e-04
-2.490000000000426894e+01 8.178446909095291040e-04
-2.485000000000427178e+01 8.582735808088728935e-04
-2.480000000000427463e+01 8.976683718779562837e-04
-2.475000000000427747e+01 9.360200930747658576e-04
-2.470000000000428031e+01 9.733216035960681745e-04
-2.465000000000428315e+01 1.009575844162426128e-03
-2.460000000000428599e+01 1.044788292913087502e-03
-2.455000000000428884e+01 1.078970675325294226e-03
-2.450000000000429168e+01 1.112136152187026550e-03
-2.445000000000429452e+01 1.144309203833640542e-03
-2.440000000000429736e+01 1.175511633878897899e-03
-2.435000000000430020e+01 1.205764422516915346e-03
-2.430000000000430305e+01 1.228694733715611498e-03
-2.425000000000430589e+01 1.224639692696420645e-03
-2.420000000000430873e+01 1.220353240538415984e-03
-2.415000000000431157e+01 1.215876373419792766e-03
-2.410000000000431442e+01 1.211247658118468074e-03
-2.405000000000431726e+01 1.206500443427092895e-03
-2.400000000000432010e+01 1.201671107629261048e-03
-2.395000000000432294e+01 1.196793156390818513e-03
-2.390000000000432578e+01 1.191879619230111487e-03
-2.385000000000432863e+01 1.186943920349209369e-03
-2.380000000000433147e+01 1.181995468322642739e-03
-2.375000000000433431e+01 1.177041669229474119e-03
-2.370000000000433715e+01 1.172077231613999349e-03
-2.365000000000434000e+01 1.167086002096681674e-03
-2.360000000000434284e+01 1.162048301886077495e-03
-2.355000000000434568e+01 1.156944471065422808e-03
-2.350000000000434852e+01 1.151762371380156413e-03
-2.345000000000435136e+01 1.146493218321345542e-03
-2.340000000000435421e+01 1.135028480197905476e-03
-2.335000000000435705e+01 1.120016621817175595e-03
-2.330000000000435989e+01 1.105252583907617714e-03
-2.325000000000436273e+01 1.090749219925010727e-03
-2.320000000000436557e+01 1.076514122382556116e-03
-2.315000000000436842e+01 1.062550768761952313e-03
-2.310000000000437126e+01 1.048856272249772126e-03
-2.305000000000437410e+01 1.035424621890837504e-03
-2.300000000000437694e+01 1.022254482446534329e-03
-2.295000000000437979e+01 1.009342028746730568e-03
-2.290000000000438263e+01 9.966744467239038729e-04
-2.285000000000438547e+01 9.842438606447456717e-04
-2.280000000000438831e+01 9.720403363289650822e-04
-2.275000000000439115e+01 9.600523597873764081e-04
-2.270000000000439400e+01 9.482719033756456528e-04
-2.265000000000439684e+01 9.366914086218966484e-04
-2.260000000000439968e+01 9.252982225369868474e-04
-2.255000000000440252e+01 9.140762977100785891e-04
-2.250000000000440536e+01 9.030010964535331586e-04
-2.245000000000440821e+01 8.920523194962809432e-04
-2.240000000000441105e+01 8.812069424195892453e-04
-2.235000000000441389e+01 8.704557452081790325e-04
-2.230000000000441673e+01 8.597919111040935869e-04
-2.225000000000441958e+01 8.457890933251319132e-04
-2.220000000000442242e+01 8.229451289099437572e-04
-2.215000000000442526e+01 7.994689296125095934e-04
-2.210000000000442810e+01 7.753836875867836653e-04
-2.205000000000443094e+01 7.507153843945499339e-04
-2.200000000000443379e+01 7.254935741340881594e-04
-2.195000000000443663e+01 6.997474944766893246e-04
-2.190000000000443947e+01 6.735140997586527845e-04
-2.185000000000444231e+01 6.468300154295406057e-04
-2.180000000000444516e+01 6.197368129215730104e-04
-2.175000000000444800e+01 5.922714828979283586e-04
-2.170000000000445084e+01 5.644705148752163226e-04
-2.165000000000445368e+01 5.363704915078426616e-04
-2.160000000000445652e+01 5.080077312887981700e-04
-2.155000000000445937e+01 4.794117596393435154e-04
-2.150000000000446221e+01 4.506112260022274163e-04
-2.145000000000446505e+01 4.216318073513372622e-04
-2.140000000000446789e+01 3.925033309245054558e-04
-2.135000000000447073e+01 3.632488269718625595e-04
-2.130000000000447358e+01 3.338822314397776880e-04
-2.125000000000447642e+01 3.044232000755167644e-04
-2.120000000000447926e+01 2.748870361677785423e-04
-2.115000000000448210e+01 2.452981345723859175e-04
-2.110000000000448495e+01 2.156812572573704734e-04
-2.105000000000448779e+01 1.860569577535123309e-04
-2.100000000000449063e+01 1.564515765794319280e-04
-2.095000000000449347e+01 1.268813779045432910e-04
-2.090000000000449631e+01 9.734425056804468790e-05
-2.085000000000449916e+01 6.785534279670629720e-05
-2.080000000000450200e+01 3.842685289272285143e-05
-2.075000000000450484e+01 9.064057780124035180e-06
-2.070000000000450768e+01 -2.021465105398606577e-05
-2.065000000000451053e+01 -4.940017953457970235e-05
-2.060000000000451337e+01 -7.848360233544265929e-05
-2.055000000000451621e+01 -1.074582695132914045e-04
-2.050000000000451905e+01 -1.363277226765630123e-04
-2.045000000000452189e+01 -1.650947563070215285e-04
-2.040000000000452474e+01 -1.937563307224041131e-04
-2.035000000000452758e+01 -2.223098945186990916e-04
-2.030000000000453042e+01 -2.507609164045035421e-04
-2.025000000000453326e+01 -2.791188329737404050e-04
-2.020000000000453610e+01 -3.073833509189619062e-04
-2.015000000000453895e+01 -3.355596055079346218e-04
-2.010000000000454179e+01 -3.636517833395594423e-04
-2.005000000000454463e+01 -3.916622053254173452e-04
-2.000000000000454747e+01 -4.195980121693212994e-04
-1.995000000000455032e+01 -4.474560624500786843e-04
-1.990000000000455316e+01 -4.752252193346642728e-04
-1.985000000000455600e+01 -5.028932022883292330e-04
-1.980000000000455884e+01 -5.304442794100833192e-04
-1.975000000000456168e+01 -5.578550516910155133e-04
-1.970000000000456453e+01 -5.850996701582469872e-04
-1.965000000000456737e+01 -5.786677423230066064e-04
-1.960000000000457021e+01 -5.627614645416084693e-04
-1.955000000000457305e+01 -5.460778509351130183e-04
-1.950000000000457590e+01 -5.286107309175752667e-04
-1.945000000000457874e+01 -5.103478690450941047e-04
-1.940000000000458158e+01 -4.912777198791892785e-04
-1.935000000000458442e+01 -4.713772859175277552e-04
-1.930000000000458726e+01 -4.506230336882854903e-04
-1.925000000000459011e+01 -4.289958305479929512e-04
-1.920000000000459295e+01 -4.064818052303895146e-04
-1.915000000000459579e+01 -3.830740951168004615e-04
-1.910000000000459863e+01 -3.587653598971785041e-04
-1.905000000000460147e+01 -3.335430243481679602e-04
-1.900000000000460432e+01 -3.073927169634158019e-04
-1.895000000000460716e+01 -2.803007941421103988e-04
-1.890000000000461000e+01 -2.522558005852437724e-04
-1.885000000000461284e+01 -2.232537493536204676e-04
-1.880000000000461569e+01 -1.932892620284260010e-04
-1.875000000000461853e+01 -1.799221292334840516e-04
-1.870000000000462137e+01 -1.835142467283626400e-04
-1.865000000000462421e+01 -1.866394759652487134e-04
-1.860000000000462705e+01 -1.892747054362056702e-04
-1.855000000000462990e+01 -1.914067133974295398e-04
-1.850000000000463274e+01 -1.930288009888217471e-04
-1.845000000000463558e+01 -1.941372194893473124e-04
-1.840000000000463842e+01 -1.947261396320135174e-04
-1.835000000000464127e+01 -1.947859019064551722e-04
-1.830000000000464411e+01 -1.943063667490876889e-04
-1.825000000000464695e+01 -1.932803387563533648e-04
-1.820000000000464979e+01 -1.917051347956749696e-04
-1.815000000000465263e+01 -1.895751090895334001e-04
-1.810000000000465548e+01 -1.868828486059417870e-04
-1.805000000000465832e+01 -1.836298042386594331e-04
-1.800000000000466116e+01 -1.798179583404266313e-04
-1.795000000000466400e+01 -1.754440860604888908e-04
-1.790000000000466684e+01 -1.500400693468587066e-04
-1.785000000000466969e+01 -1.013168259474256372e-04
-1.780000000000467253e+01 -5.132521322431804478e-05
-1.775000000000467537e+01 -1.151553879266686842e-07
-1.770000000000467821e+01 5.225957950273640851e-05
-1.765000000000468106e+01 1.057561274953600083e-04
-1.760000000000468390e+01 1.603326571807325851e-04
-1.755000000000468674e+01 2.159514478311738706e-04
-1.750000000000468958e+01 2.725702507743593683e-04
-1.745000000000469242e+01 3.301403606555466941e-04
-1.740000000000469527e+01 3.886000273333398147e-04
-1.735000000000469811e+01 4.478852769440391790e-04
-1.730000000000470095e+01 5.079328143207106905e-04
-1.725000000000470379e+01 5.686782482102331615e-04
-1.720000000000470664e+01 6.300544408892189141e-04
-1.715000000000470948e+01 6.750344403596147957e-04
-1.710000000000471232e+01 6.777155699701012392e-04
-1.705000000000471516e+01 6.801218427536850908e-04
-1.700000000000471800e+01 6.822413815181574415e-04
-1.695000000000472085e+01 6.840655206930140730e-04
-1.690000000000472369e+01 6.855865930969554101e-04
-1.685000000000472653e+01 6.868075653947702808e-04
-1.680000000000472937e+01 6.877437000075425910e-04
-1.675000000000473221e+01 6.884094501826004686e-04
-1.670000000000473506e+01 6.888178849001197479e-04
-1.665000000000473790e+01 6.889778796239365288e-04
-1.660000000000474074e+01 6.889001518002868529e-04
-1.655000000000474358e+01 6.885957352370658535e-04
-1.650000000000474643e+01 6.880796945930509056e-04
-1.645000000000474927e+01 6.873721582324812673e-04
-1.640000000000475211e+01 6.864917755566163349e-04
-1.635000000000475495e+01 6.854604702957595164e-04
-1.630000000000475779e+01 6.843069661481432364e-04
-1.625000000000476064e+01 6.830640676283930568e-04
-1.620000000000476348e+01 6.817670058030522728e-04
-1.615000000000476632e+01 6.804489668321492268e-04
-1.610000000000476916e+01 6.791470750528161293e-04
-1.605000000000477201e+01 6.779096116815777617e-04
-1.600000000000477485e+01 6.767866708732514502e-04
-1.595000000000477769e+01 6.758300875342668212e-04
-1.590000000000478053e+01 6.750935942007943447e-04
-1.585000000000478337e+01 6.746397209634533154e-04
-1.580000000000478622e+01 6.745329356587295710e-04
-1.575000000000478906e+01 6.748394775732205475e-04
-1.570000000000479190e+01 6.756312158128913170e-04
-1.565000000000479474e+01 6.769840403628227254e-04
-1.560000000000479758e+01 6.789702378505596547e-04
-1.555000000000480043e+01 6.816627469312525056e-04
-1.550000000000480327e+01 6.851280383690372400e-04
-1.545000000000480611e+01 6.894283605273568427e-04
-1.540000000000480895e+01 6.946173236763719672e-04
-1.535000000000481180e+01 7.007456731125891181e-04
-1.530000000000481464e+01 7.078638783631630016e-04
-1.525000000000481748e+01 7.160132933153873225e-04
-1.520000000000482032e+01 7.252374453059345916e-04
-1.515000000000482316e+01 7.355779502856568675e-04
-1.510000000000482601e+01 7.470718610134846616e-04
-1.505000000000482885e+01 7.597587264939406615e-04
-1.500000000000483169e+01 7.736735753568341201e-04
-1.495000000000483453e+01 7.888385887176996292e-04
-1.490000000000483737e+01 8.052743166946929598e-04
-1.485000000000484022e+01 8.230022787253585270e-04
-1.480000000000484306e+01 8.420404625468572157e-04
-1.475000000000484590e+01 8.624057457955885964e-04
-1.470000000000484874e+01 8.841097282986862260e-04
-1.465000000000485159e+01 9.071629716885312722e-04
-1.460000000000485443e+01 9.315713496637553770e-04
-1.455000000000485727e+01 9.573354311860834964e-04
-1.450000000000486011e+01 9.844479015910650999e-04
-1.445000000000486295e+01 1.012905736083223596e-03
-1.440000000000486580e+01 1.042707034342012229e-03
-1.435000000000486864e+01 1.073840646415448463e-03
-1.430000000000487148e+01 1.106294094578678944e-03
-1.425000000000487432e+01 1.140058987675843238e-03
-1.420000000000487717e+01 1.175120667222820381e-03
-1.415000000000488001e+01 1.211466202053000651e-03
-1.410000000000488285e+01 1.249080740259492228e-03
-1.405000000000488569e+01 1.287949915993610861e-03
-1.400000000000488853e+01 1.328049692624129474e-03
-1.395000000000489138e+01 1.369345877451827453e-03
-1.390000000000489422e+01 1.411809363818114504e-03
-1.385000000000489706e+01 1.455409960690004501e-03
-1.380000000000489990e+01 1.502222238011427513e-03
-1.375000000000490274e+01 1.554536590940194807e-03
-1.370000000000490559e+01 1.607924083223397083e-03
-1.365000000000490843e+01 1.662370934283209645e-03
-1.360000000000491127e+01 1.717867175739448693e-03
-1.355000000000491411e+01 1.774401747131615359e-03
-1.350000000000491696e+01 1.831968572743113144e-03
-1.345000000000491980e+01 1.890566591996253876e-03
-1.340000000000492264e+01 1.950196705691131793e-03
-1.335000000000492548e+01 2.010860556401483645e-03
-1.330000000000492832e+01 2.072559096791395938e-03
-1.325000000000493117e+01 2.135286494050959993e-03
-1.320000000000493401e+01 2.199038453731989862e-03
-1.315000000000493685e+01 2.263798790775553571e-03
-1.310000000000493969e+01 2.329556953365397032e-03
-1.305000000000494254e+01 2.396309102737186059e-03
-1.300000000000494538e+01 2.464053927740982031e-03
-1.295000000000494822e+01 2.532786818404880735e-03
-1.290000000000495106e+01 2.603145057369436743e-03
-1.285000000000495390e+01 2.675627401088953583e-03
-1.280000000000495675e+01 2.749013302184466490e-03
-1.275000000000495959e+01 2.823327391841733147e-03
-1.270000000000496243e+01 2.898594052365727203e-03
-1.265000000000496527e+01 2.974831110685520474e-03
-1.260000000000496811e+01 3.052049018070705777e-03
-1.255000000000497096e+01 3.130261875396694871e-03
-1.250000000000497380e+01 3.209485781539865579e-03
-1.245000000000497664e+01 3.289734618267724231e-03
-1.240000000000497948e+01 3.371014932807003817e-03
-1.235000000000498233e+01 3.453326897503876391e-03
-1.230000000000498517e+01 3.536671186504893039e-03
-1.225000000000498801e+01 3.621047686553906242e-03
-1.220000000000499085e+01 3.706461492939877589e-03
-1.215000000000499369e+01 3.792921327607799709e-03
-1.210000000000499654e+01 3.880446522927911979e-03
-1.205000000000499938e+01 3.969061993581837755e-03
-1.200000000000500222e+01 4.058781439647621281e-03
-1.195000000000500506e+01 4.149618227222269529e-03
-1.190000000000500791e+01 4.241591988000517621e-03
-1.185000000000501075e+01 4.334725652080165248e-03
-1.180000000000501359e+01 4.429039784779785494e-03
-1.175000000000501643e+01 4.524555822025967677e-03
-1.170000000000501927e+01 4.621286180547176659e-03
-1.165000000000502212e+01 4.719244960032738245e-03
-1.160000000000502496e+01 4.818460483071329570e-03
-1.155000000000502780e+01 4.918962249455469116e-03
-1.150000000000503064e+01 5.020771968417846176e-03
-1.145000000000503348e+01 5.123909448712105075e-03
-1.140000000000503633e+01 5.228388027429697882e-03
-1.135000000000503917e+01 5.334225146440170484e-03
-1.130000000000504201e+01 5.441434659009661279e-03
-1.125000000000504485e+01 5.550019444822633374e-03
-1.120000000000504770e+01 5.659996710776118989e-03
-1.115000000000505054e+01 5.771393014150395795e-03
-1.110000000000505338e+01 5.884250733382924425e-03
-1.105000000000505622e+01 5.998625373752800027e-03
-1.100000000000505906e+01 6.114568839134283673e-03
-1.095000000000506191e+01 6.232139000148059771e-03
-1.090000000000506475e+01 6.351395864047378048e-03
-1.085000000000506759e+01 6.472395603407482545e-03
-1.080000000000507043e+01 6.595191505349748406e-03
-1.075000000000507328e+01 6.719847777455711935e-03
-1.070000000000507612e+01 6.846430314854053123e-03
-1.065000000000507896e+01 6.975000627280313059e-03
-1.060000000000508180e+01 7.105601268363452572e-03
-1.055000000000508464e+01 7.238276652384946497e-03
-1.050000000000508749e+01 7.373072898831510569e-03
-1.045000000000509033e+01 7.510029264877184085e-03
-1.040000000000509317e+01 7.649180866486103569e-03
-1.035000000000509601e+01 7.790560167773720457e-03
-1.030000000000509885e+01 7.934181416729850500e-03
-1.025000000000510170e+01 8.080059411553652815e-03
-1.020000000000510454e+01 8.228212204204110591e-03
-1.015000000000510738e+01 8.378661803369179262e-03
-1.010000000000511022e+01 8.531433735948897035e-03
-1.005000000000511307e+01 8.686557620984067252e-03
-1.000000000000511591e+01 8.844072398743331453e-03
-9.950000000005118750e+00 9.004007445765661866e-03
-9.900000000005121592e+00 9.166386195519307667e-03
-9.850000000005124434e+00 9.331224534279328187e-03
-9.800000000005127276e+00 9.498540691881753040e-03
-9.750000000005130119e+00 9.668362650896954180e-03
-9.700000000005132961e+00 9.840713615472687636e-03
-9.650000000005135803e+00 1.001561069402825271e-02
-9.600000000005138645e+00 1.019306147782386707e-02
-9.550000000005141487e+00 1.037306144425005627e-02
-9.500000000005144329e+00 1.055559711888635205e-02
-9.450000000005147172e+00 1.074064149556656911e-02
-9.400000000005150014e+00 1.092816361512806422e-02
-9.350000000005152856e+00 1.111813534726893010e-02
-9.300000000005155698e+00 1.131052702454567876e-02
-9.250000000005158540e+00 1.150530352495912623e-02
-9.200000000005161382e+00 1.170241832221956269e-02
-9.150000000005164225e+00 1.190183077776184317e-02
-9.100000000005167067e+00 1.210350380207284721e-02
-9.050000000005169909e+00 1.230739802433465646e-02
-9.000000000005172751e+00 1.251348227104082111e-02
-8.950000000005175593e+00 1.272172346736948761e-02
-8.900000000005178435e+00 1.293209120695062997e-02
-8.850000000005181278e+00 1.314455223607745304e-02
-8.800000000005184120e+00 1.335907540311370018e-02
-8.750000000005186962e+00 1.357563248701391945e-02
-8.700000000005189804e+00 1.379419442169137894e-02
-8.650000000005192646e+00 1.401471772747780314e-02
-8.600000000005195488e+00 1.423715049283099526e-02
-8.550000000005198331e+00 1.446144314188647223e-02
-8.500000000005201173e+00 1.468754174259977868e-02
-8.450000000005204015e+00 1.491539718373865314e-02
-8.400000000005206857e+00 1.514496115770292556e-02
-8.350000000005209699e+00 1.537617569888895946e-02
-8.300000000005212542e+00 1.560898130411581680e-02
-8.250000000005215384e+00 1.584333140432100245e-02
-8.200000000005218226e+00 1.607917249331893700e-02
-8.150000000005221068e+00 1.631644106301680802e-02
-8.100000000005223910e+00 1.655507375617202431e-02
-8.050000000005226752e+00 1.679501920707366508e-02
-8.000000000005229595e+00 1.703622783969952620e-02
-7.950000000005232437e+00 1.727864371617775924e-02
-7.900000000005235279e+00 1.752220559702557384e-02
-7.850000000005238121e+00 1.776684261469280851e-02
-7.800000000005240963e+00 1.801246645778995653e-02
-7.750000000005243805e+00 1.825898814320952440e-02
-7.700000000005246648e+00 1.850630719862881440e-02
-7.650000000005249490e+00 1.875431485020401939e-02
-7.600000000005252332e+00 1.900290741584962501e-02
-7.550000000005255174e+00 1.925198689268781821e-02
-7.500000000005258016e+00 1.950143974094960958e-02
-7.450000000005260858e+00 1.975115360698521255e-02
-7.400000000005263701e+00 2.000102311046115383e-02
-7.350000000005266543e+00 2.025094708451368603e-02
-7.300000000005269385e+00 2.050082423987447527e-02
-7.250000000005272227e+00 2.075054309005725656e-02
-7.200000000005275069e+00 2.099998139927623103e-02
-7.150000000005277911e+00 2.124902019074016019e-02
-7.100000000005280754e+00 2.149753542068216089e-02
-7.050000000005283596e+00 2.174540058600028108e-02
-7.000000000005286438e+00 2.199249019429128787e-02
-6.950000000005289280e+00 2.223867112360686932e-02
-6.900000000005292122e+00 2.248380951451688786e-02
-6.850000000005294964e+00 2.272776949589672829e-02
-6.800000000005297807e+00 2.297040010985457875e-02
-6.750000000005300649e+00 2.321155359351471242e-02
-6.700000000005303491e+00 2.345109339428910061e-02
-6.650000000005306333e+00 2.368888270251209155e-02
-6.600000000005309175e+00 2.392478652692502789e-02
-6.550000000005312017e+00 2.415867260166781189e-02
-6.500000000005314860e+00 2.439041294504703389e-02
-6.450000000005317702e+00 2.461987629715656906e-02
-6.400000000005320544e+00 2.484693398372288947e-02
-6.350000000005323386e+00 2.507145174304920704e-02
-6.300000000005326228e+00 2.529330740103193781e-02
-6.250000000005329071e+00 2.551238149459305465e-02
-6.200000000005331913e+00 2.572855932309840027e-02
-6.150000000005334755e+00 2.594172757011133784e-02
-6.100000000005337597e+00 2.615177599106734835e-02
-6.050000000005340439e+00 2.635859272020703997e-02
-6.000000000005343281e+00 2.656207625121687760e-02
-5.950000000005346124e+00 2.676212727356839377e-02
-5.900000000005348966e+00 2.695865285854547738e-02
-5.850000000005351808e+00 2.715156146802700371e-02
-5.800000000005354650e+00 2.734076072439251687e-02
-5.750000000005357492e+00 2.752615525787464185e-02
-5.700000000005360334e+00 2.770764518738346588e-02
-5.650000000005363177e+00 2.788513938119847185e-02
-5.600000000005366019e+00 2.805855489386419738e-02
-5.550000000005368861e+00 2.822780529141193789e-02
-5.500000000005371703e+00 2.839280755500788594e-02
-5.450000000005374545e+00 2.855348478212130919e-02
-5.400000000005377387e+00 2.870976152472962811e-02
-5.350000000005380230e+00 2.886157770189642230e-02
-5.300000000005383072e+00 2.900887922467910301e-02
-5.250000000005385914e+00 2.915160387314907203e-02
-5.200000000005388756e+00 2.928970114662566432e-02
-5.150000000005391598e+00 2.942313097649231629e-02
-5.100000000005394440e+00 2.955184322294233251e-02
-5.050000000005397283e+00 2.967578846241167995e-02
-5.000000000005400125e+00 2.979491665413471629e-02
-4.950000000005402967e+00 2.990917694461895510e-02
-4.900000000005405809e+00 3.001851253007089410e-02
-4.850000000005408651e+00 3.012287130731856194e-02
-4.800000000005411493e+00 3.022220467989474718e-02
-4.750000000005414336e+00 3.031646906297868344e-02
-4.700000000005417178e+00 3.040561816274468115e-02
-4.650000000005420020e+00 3.048959762143500091e-02
-4.600000000005422862e+00 3.056836130784609112e-02
-4.550000000005425704e+00 3.064186321873441782e-02
-4.500000000005428547e+00 3.071005757871305558e-02
-4.450000000005431389e+00 3.077290631947614957e-02
-4.400000000005434231e+00 3.083036845235567064e-02
-4.350000000005437073e+00 3.088240668450844412e-02
-4.300000000005439915e+00 3.092899466393712188e-02
-4.250000000005442757e+00 3.097009309684236461e-02
-4.200000000005445600e+00 3.100567417826708555e-02
-4.150000000005448442e+00 3.103571754681960088e-02
-4.100000000005451284e+00 3.106019502857607778e-02
-4.050000000005454126e+00 3.107908767602322181e-02
-4.000000000005456968e+00 3.109238777396109571e-02
-3.950000000005459810e+00 3.110008680658037789e-02
-3.900000000005462653e+00 3.110218265581695535e-02
-3.850000000005465495e+00 3.109866886581149487e-02
-3.800000000005468337e+00 3.108953381145364986e-02
-3.750000000005471179e+00 3.107475733467562201e-02
-3.700000000005474021e+00 3.105432874927060299e-02
-3.650000000005476863e+00 3.102824880674340952e-02
-3.600000000005479706e+00 3.099650745332100527e-02
-3.550000000005482548e+00 3.095909658462165509e-02
-3.500000000005485390e+00 3.091602659958801042e-02
-3.450000000005488232e+00 3.086732628384567662e-02
-3.400000000005491074e+00 3.081303478792537381e-02
-3.350000000005493916e+00 3.075318478161809949e-02
-3.300000000005496759e+00 3.068781113482698525e-02
-3.250000000005499601e+00 3.061695544942593522e-02
-3.200000000005502443e+00 3.054067535511387904e-02
-3.150000000005505285e+00 3.045903040682345492e-02
-3.100000000005508127e+00 3.037208020668646230e-02
-3.050000000005510969e+00 3.027989046910122689e-02
-3.000000000005513812e+00 3.018252542323093118e-02
-2.950000000005516654e+00 3.008005680229217799e-02
-2.900000000005519496e+00 2.997255816535650957e-02
-2.850000000005522338e+00 2.986008687229276676e-02
-2.800000000005525180e+00 2.974270525436053386e-02
-2.750000000005528022e+00 2.962049285845252261e-02
-2.700000000005530865e+00 2.949353081964322526e-02
-2.650000000005533707e+00 2.936190412472312189e-02
-2.600000000005536549e+00 2.922571069720974329e-02
-2.550000000005539391e+00 2.908504572834071794e-02
-2.500000000005542233e+00 2.894000997158665406e-02
-2.450000000005545076e+00 2.879071510218383229e-02
-2.400000000005547918e+00 2.863728367051817519e-02
-2.350000000005550760e+00 2.847984381782133617e-02
-2.300000000005553602e+00 2.831852035852889388e-02
-2.250000000005556444e+00 2.815343343242455304e-02
-2.200000000005559286e+00 2.798471054476523584e-02
-2.150000000005562129e+00 2.781248014048789269e-02
-2.100000000005564971e+00 2.763686591404753562e-02
-2.050000000005567813e+00 2.745799410537660273e-02
-2.000000000005570655e+00 2.727599481545788657e-02
-1.950000000005573497e+00 2.709098895835680004e-02
-1.900000000005576339e+00 2.690308244538081733e-02
-1.850000000005579182e+00 2.671237743158381278e-02
-1.800000000005582024e+00 2.651898112414189518e-02
-1.750000000005584866e+00 2.632300091006418291e-02
-1.700000000005587708e+00 2.612454808598341921e-02
-1.650000000005590550e+00 2.592372124085822599e-02
-1.600000000005593392e+00 2.572060840792255582e-02
-1.550000000005596235e+00 2.551530282058426385e-02
-1.500000000005599077e+00 2.530790503594097102e-02
-1.450000000005601919e+00 2.509851185099173237e-02
-1.400000000005604761e+00 2.488722353336739884e-02
-1.350000000005607603e+00 2.467413510156041961e-02
-1.300000000005610445e+00 2.445933745128633235e-02
-1.250000000005613288e+00 2.424293225512415967e-02
-1.200000000005616130e+00 2.402501244325918467e-02
-1.150000000005618972e+00 2.380567432149576640e-02
-1.100000000005621814e+00 2.358499970120091910e-02
-1.050000000005624656e+00 2.336306248577744299e-02
-1.000000000005627498e+00 2.313995085513120137e-02
-9.500000000056303406e-01 2.291574787055091628e-02
-9.000000000056331828e-01 2.269052636288138719e-02
-8.500000000056360250e-01 2.246435839297088871e-02
-8.000000000056388672e-01 2.223731234137486107e-02
-7.500000000056417093e-01 2.200946034876815477e-02
-7.000000000056445515e-01 2.178087824517311449e-02
-6.500000000056473937e-01 2.155163400398644319e-02
-6.000000000056502358e-01 2.132178874777228977e-02
-5.500000000056530780e-01 2.109140816846250682e-02
-5.000000000056559202e-01 2.086055173635380927e-02
-4.500000000056587623e-01 2.062927992642820535e-02
-4.000000000056616045e-01 2.039766351890385382e-02
-3.500000000056644467e-01 2.016575633675759399e-02
-3.000000000056672889e-01 1.993361709999676851e-02
-2.500000000056701310e-01 1.970132429999397333e-02
-2.000000000056729732e-01 1.946894684847130103e-02
-1.500000000056758154e-01 1.923654912298235903e-02
-1.000000000056786575e-01 1.900420035290856929e-02
-5.000000000568149972e-02 1.877197841514623849e-02
-5.684341886080801487e-12 1.853997915373702815e-02
4.999999999431281594e-02 1.830828844687661799e-02
9.999999999430997377e-02 1.807698081033131537e-02
1.499999999943071316e-01 1.784613353865629332e-02
1.999999999943042894e-01 1.761582152086259984e-02
2.499999999943014473e-01 1.738611101963607325e-02
2.999999999942986051e-01 1.715707419313498155e-02
3.499999999942957629e-01 1.692878182468435938e-02
3.999999999942929207e-01 1.670128908171530230e-02
4.499999999942900786e-01 1.647464560832601760e-02
4.999999999942872364e-01 1.624891730903866433e-02
5.499999999942843942e-01 1.602416366149724686e-02
5.999999999942815521e-01 1.580044391339003457e-02
6.499999999942787099e-01 1.557781174986478528e-02
6.999999999942758677e-01 1.535631057230100321e-02
7.499999999942730255e-01 1.513599155188932038e-02
7.999999999942701834e-01 1.491689582993285107e-02
8.499999999942673412e-01 1.469905630093410603e-02
8.999999999942644990e-01 1.448250562979034456e-02
9.499999999942616569e-01 1.426727984747361982e-02
9.999999999942588147e-01 1.405341981608412144e-02
1.049999999994255973e+00 1.384096642785598991e-02
1.099999999994253130e+00 1.362996385073749622e-02
1.149999999994250288e+00 1.342046575690161031e-02
1.199999999994247446e+00 1.321251863041624647e-02
1.249999999994244604e+00 1.300616808134483215e-02
1.299999999994241762e+00 1.280146180461855243e-02
1.349999999994238919e+00 1.259844286392981100e-02
1.399999999994236077e+00 1.239715556754995146e-02
1.449999999994233235e+00 1.219764664307174812e-02
1.499999999994230393e+00 1.199996061800839842e-02
1.549999999994227551e+00 1.180414441943471865e-02
1.599999999994224709e+00 1.161022998858185495e-02
1.649999999994221866e+00 1.141823255707819645e-02
1.699999999994219024e+00 1.122816042901577521e-02
1.749999999994216182e+00 1.104000147757582678e-02
1.799999999994213340e+00 1.085375202453213450e-02
1.849999999994210498e+00 1.066940283471829592e-02
1.899999999994207656e+00 1.048694693305420034e-02
1.949999999994204813e+00 1.030639545229235232e-02
1.999999999994201971e+00 1.012775497991322271e-02
2.049999999994199129e+00 9.951025551062711583e-03
2.099999999994196287e+00 9.776207266721799460e-03
2.149999999994193445e+00 9.603306590377662377e-03
2.199999999994190603e+00 9.432323109166772246e-03
2.249999999994187760e+00 9.263250324146696246e-03
2.299999999994184918e+00 9.096084368327025937e-03
2.349999999994182076e+00 8.930828652668018619e-03
2.399999999994179234e+00 8.767482143824036067e-03
2.449999999994176392e+00 8.606047930053588313e-03
2.499999999994173550e+00 8.446534564900076703e-03
2.549999999994170707e+00 8.288945225975875852e-03
2.599999999994167865e+00 8.133280020370031727e-03
2.649999999994165023e+00 7.979532784142123747e-03
2.699999999994162181e+00 7.827696476085284349e-03
2.749999999994159339e+00 7.677767749424038723e-03
2.799999999994156497e+00 7.529747481947908494e-03
2.849999999994153654e+00 7.383628014111021098e-03
2.899999999994150812e+00 7.239399822815170693e-03
2.949999999994147970e+00 7.097052032708550673e-03
2.999999999994145128e+00 6.956569871115043935e-03
3.049999999994142286e+00 6.817943554636926584e-03
3.099999999994139444e+00 6.681169082062343723e-03
3.149999999994136601e+00 6.546237290960155164e-03
3.199999999994133759e+00 6.413142029729146376e-03
3.249999999994130917e+00 6.281889940130951089e-03
3.299999999994128075e+00 6.152478477780658206e-03
3.349999999994125233e+00 6.024906759475569251e-03
3.399999999994122390e+00 5.899182093515809022e-03
3.449999999994119548e+00 5.775301165259691394e-03
3.499999999994116706e+00 5.653253823384538079e-03
3.549999999994113864e+00 5.533029015330231948e-03
3.599999999994111022e+00 5.414611564816637634e-03
3.649999999994108180e+00 5.297984517167113327e-03
3.699999999994105337e+00 5.183133318847163440e-03
3.749999999994102495e+00 5.070046478379872101e-03
3.799999999994099653e+00 4.958718766779487974e-03
3.849999999994096811e+00 4.849138338646946655e-03
3.899999999994093969e+00 4.741282487734699291e-03
3.949999999994091127e+00 4.635126484853473172e-03
3.999999999994088284e+00 4.530642404537779666e-03
4.049999999994085442e+00 4.427797713746191299e-03
4.099999999994082600e+00 4.326568205145923940e-03
4.149999999994079758e+00 4.226934927308412249e-03
4.199999999994076916e+00 4.128876140723831967e-03
4.249999999994074074e+00 4.032372464824122982e-03
4.299999999994071231e+00 3.937405485055354981e-03
4.349999999994068389e+00 3.843956333103699941e-03
4.399999999994065547e+00 3.752008413908623774e-03
4.449999999994062705e+00 3.661550629952374514e-03
4.499999999994059863e+00 3.572563439664222518e-03
4.549999999994057021e+00 3.485019484358094222e-03
4.599999999994054178e+00 3.398882017754956131e-03
4.649999999994051336e+00 3.314113872945216588e-03
4.699999999994048494e+00 3.230677043246511781e-03
4.749999999994045652e+00 3.148526562940123785e-03
4.799999999994042810e+00 3.067620166623777345e-03
4.849999999994039968e+00 2.987924210454774576e-03
4.899999999994037125e+00 2.909427671955087946e-03
4.949999999994034283e+00 2.832125369209306798e-03
4.999999999994031441e+00 2.756010118988495849e-03
5.049999999994028599e+00 2.681081898752477044e-03
5.099999999994025757e+00 2.607337066622583688e-03
5.149999999994022915e+00 2.534766132765188529e-03
5.199999999994020072e+00 2.463357223794447604e-03
5.249999999994017230e+00 2.393087903353303958e-03
5.299999999994014388e+00 2.323943951785784057e-03
5.349999999994011546e+00 2.255916172278979448e-03
5.399999999994008704e+00 2.188991739277508508e-03
5.449999999994005861e+00 2.123159421957065973e-03
5.499999999994003019e+00 2.058408443769650653e-03
5.549999999994000177e+00 1.994726151633333111e-03
5.599999999993997335e+00 1.932105427422274591e-03
5.649999999993994493e+00 1.870542465344654515e-03
5.699999999993991651e+00 1.810026861178593016e-03
5.749999999993988808e+00 1.750547405590816008e-03
5.799999999993985966e+00 1.692099130009123986e-03
5.849999999993983124e+00 1.634682817650542908e-03
5.899999999993980282e+00 1.578301934095686920e-03
5.949999999993977440e+00 1.522959748641646016e-03
5.999999999993974598e+00 1.468654655655682317e-03
6.049999999993971755e+00 1.415394025875926776e-03
6.099999999993968913e+00 1.363196704226868339e-03
6.149999999993966071e+00 1.312084343445103773e-03
6.199999999993963229e+00 1.262077773464716224e-03
6.249999999993960387e+00 1.213203116643774004e-03
6.299999999993957545e+00 1.165492169358579855e-03
6.349999999993954702e+00 1.118964384044726645e-03
6.399999999993951860e+00 1.073622637273542735e-03
6.449999999993949018e+00 1.029474759337026257e-03
6.499999999993946176e+00 9.865227855418018388e-04
6.549999999993943334e+00 9.447567874139861654e-04
6.599999999993940492e+00 9.041640103724518651e-04
6.649999999993937649e+00 8.647299282955392408e-04
6.699999999993934807e+00 8.264381928961839208e-04
6.749999999993931965e+00 7.892735384259358389e-04
6.799999999993929123e+00 7.532255909206350686e-04
6.849999999993926281e+00 7.182813939937693348e-04
6.899999999993923439e+00 6.844253968017535716e-04
6.949999999993920596e+00 6.516444788988301484e-04
6.999999999993917754e+00 6.199254586880462159e-04
7.049999999993914912e+00 5.892609681898558494e-04
7.099999999993912070e+00 5.596378955460626359e-04
7.149999999993909228e+00 5.310359842377598838e-04
7.199999999993906385e+00 5.034435214240004508e-04
7.249999999993903543e+00 4.768520801922693231e-04
7.299999999993900701e+00 4.512390415037995095e-04
7.349999999993897859e+00 4.265747699913752244e-04
7.399999999993895017e+00 4.028297152079626797e-04
7.449999999993892175e+00 3.799688720871538528e-04
7.499999999993889332e+00 3.579466801674757725e-04
7.549999999993886490e+00 3.367139957338102785e-04
7.599999999993883648e+00 3.162238839748143793e-04
7.649999999993880806e+00 2.964285425124321693e-04
7.699999999993877964e+00 2.772795682555936891e-04
7.749999999993875122e+00 2.587319070489271788e-04
7.799999999993872279e+00 2.407443207121245932e-04
7.849999999993869437e+00 2.232800211415877922e-04
7.899999999993866595e+00 2.063068247191712778e-04
7.949999999993863753e+00 1.897958797850915480e-04
7.999999999993860911e+00 1.737270580185606983e-04
8.049999999993858069e+00 1.580821012389377334e-04
8.099999999993855226e+00 1.428396766249076522e-04
8.149999999993852384e+00 1.279855017617820279e-04
8.199999999993849542e+00 1.135014267192660520e-04
8.249999999993846700e+00 9.936444248336007146e-05
8.299999999993843858e+00 8.555988164166833387e-05
8.349999999993841016e+00 7.207732680580142270e-05
8.399999999993838173e+00 5.891068432141433053e-05
8.449999999993835331e+00 4.605468650170640998e-05
8.499999999993832489e+00 3.349649326773312952e-05
8.549999999993829647e+00 2.123267883864798922e-05
8.599999999993826805e+00 9.269320856264418040e-06
8.649999999993823963e+00 -2.385750689552768034e-06
8.699999999993821120e+00 -1.372880482577998329e-05
8.749999999993818278e+00 -2.473800253123548121e-05
8.799999999993815436e+00 -3.539759879702536471e-05
8.849999999993812594e+00 -4.569606239272078207e-05
8.899999999993809752e+00 -5.561163830388599072e-05
8.949999999993806910e+00 -6.511657953896243800e-05
8.999999999993804067e+00 -7.419088545781299393e-05
9.049999999993801225e+00 -8.281245393119973652e-05
9.099999999993798383e+00 -9.094878484966484322e-05
9.149999999993795541e+00 -9.855882013207195591e-05
9.199999999993792699e+00 -1.055998236765068321e-04
9.249999999993789856e+00 -1.120233312492113775e-04
9.299999999993787014e+00 -9.175878227671296905e-05
9.349999999993784172e+00 -7.065764781457456456e-05
9.399999999993781330e+00 -4.951291066582208522e-05
9.449999999993778488e+00 -2.832726864140239220e-05
9.499999999993775646e+00 -7.658116322764585426e-06
9.549999999993772803e+00 -2.604980698656805815e-05
9.599999999993769961e+00 -4.459375696462541949e-05
9.649999999993767119e+00 -6.328454932481852868e-05
9.699999999993764277e+00 -8.211606071087396153e-05
9.749999999993761435e+00 -1.010779850672965940e-04
9.799999999993758593e+00 -1.201589420454021728e-04
9.849999999993755750e+00 -1.393535878495902325e-04
9.899999999993752908e+00 -1.586575173802284855e-04
9.949999999993750066e+00 -1.780606170371651364e-04
9.999999999993747224e+00 -1.975543355175884974e-04
1.004999999999374438e+01 -2.171200705136794307e-04
1.009999999999374154e+01 -2.367390313381609324e-04
1.014999999999373870e+01 -2.563901590145814535e-04
1.019999999999373586e+01 -2.528448974681921091e-04
1.024999999999373301e+01 -2.319983849234028006e-04
1.029999999999373017e+01 -2.114099953775955276e-04
1.034999999999372733e+01 -1.910868481112271144e-04
1.039999999999372449e+01 -1.710385722673221642e-04
1.044999999999372164e+01 -1.512791369819091458e-04
1.049999999999371880e+01 -1.318190584324724357e-04
1.054999999999371596e+01 -1.126700055369828091e-04
1.059999999999371312e+01 -9.385202049327218132e-05
1.064999999999371028e+01 -7.537148207131805222e-05
1.069999999999370743e+01 -5.723356724778028148e-05
1.074999999999370459e+01 -3.945510050439027250e-05
1.079999999999370175e+01 -2.205245935375799160e-05
1.084999999999369891e+01 -5.039865953369859763e-06
1.089999999999369606e+01 1.156220175910910308e-05
1.094999999999369322e+01 2.773477641988819631e-05
1.099999999999369038e+01 6.114321799387256728e-06
1.104999999999368754e+01 -2.274593220056436715e-05
1.109999999999368470e+01 -5.168742564774092552e-05
1.114999999999368185e+01 -8.072128359325192459e-05
1.119999999999367901e+01 -1.098513514686538795e-04
1.124999999999367617e+01 -1.390849208669775461e-04
1.129999999999367333e+01 -1.684221612331879281e-04
1.134999999999367049e+01 -1.978577147421223259e-04
1.139999999999366764e+01 -2.273866396924617561e-04
1.144999999999366480e+01 -2.569984027629354517e-04
1.149999999999366196e+01 -2.866860237082449747e-04
1.154999999999365912e+01 -3.164415723425212379e-04
1.159999999999365627e+01 -3.462552636522148175e-04
1.164999999999365343e+01 -3.761173115647692411e-04
1.169999999999365059e+01 -4.060118800635059699e-04
1.174999999999364775e+01 -4.359210389867362867e-04
1.179999999999364491e+01 -4.658196973710837518e-04
1.184999999999364206e+01 -4.684737264004854018e-04
1.189999999999363922e+01 -4.670057269575422776e-04
1.194999999999363638e+01 -4.659690617968836879e-04
1.199999999999363354e+01 -4.653656253577401203e-04
1.204999999999363069e+01 -4.652064478973816364e-04
1.209999999999362785e+01 -4.654947478126281180e-04
1.214999999999362501e+01 -4.662240116240709553e-04
1.219999999999362217e+01 -4.673848371205893693e-04
1.224999999999361933e+01 -4.689652033075808468e-04
1.229999999999361648e+01 -4.709341121012927678e-04
1.234999999999361364e+01 -4.732642333232159326e-04
1.239999999999361080e+01 -4.759301887072506232e-04
1.244999999999360796e+01 -4.789002801302635892e-04
1.249999999999360512e+01 -4.821429119420198028e-04
1.254999999999360227e+01 -4.856179034331900568e-04
1.259999999999359943e+01 -4.892831844964737331e-04
1.264999999999359659e+01 -4.930981353679572687e-04
1.269999999999359375e+01 -4.970232529390022913e-04
1.274999999999359090e+01 -5.010256683065719696e-04
1.279999999999358806e+01 -5.050714742479700536e-04
1.284999999999358522e+01 -5.091177481970493579e-04
1.289999999999358238e+01 -5.131297002054432954e-04
1.294999999999357954e+01 -5.170649522395487363e-04
1.299999999999357669e+01 -5.208758718019540490e-04
1.304999999999357385e+01 -5.245205798264443442e-04
1.309999999999357101e+01 -5.279488141796198630e-04
1.314999999999356817e+01 -5.311097646775939096e-04
1.319999999999356532e+01 -5.339567975530604138e-04
1.324999999999356248e+01 -5.364378981161585513e-04
1.329999999999355964e+01 -5.385113247239892154e-04
1.334999999999355680e+01 -5.340529106914529422e-04
1.339999999999355396e+01 -5.245773264597811125e-04
1.344999999999355111e+01 -5.148824747276126157e-04
1.349999999999354827e+01 -5.049803983597361823e-04
1.354999999999354543e+01 -4.948769366885305554e-04
1.359999999999354259e+01 -4.845737285784426640e-04
1.364999999999353975e+01 -4.740702318038400587e-04
1.369999999999353690e+01 -4.633800232974535915e-04
1.374999999999353406e+01 -4.525303041463674125e-04
1.379999999999353122e+01 -4.415503827464584141e-04
1.384999999999352838e+01 -4.304602541364069279e-04
1.389999999999352553e+01 -4.192764299341122936e-04
1.394999999999352269e+01 -4.059394572462765582e-04
1.399999999999351985e+01 -3.834086149460333437e-04
1.404999999999351701e+01 -3.601104366399293655e-04
1.409999999999351417e+01 -3.360483177595810500e-04
1.414999999999351132e+01 -3.112418055063251310e-04
1.419999999999350848e+01 -2.857081561605870346e-04
1.424999999999350564e+01 -2.594541139777917227e-04
1.429999999999350280e+01 -2.324903949233458889e-04
1.434999999999349996e+01 -2.048246186947544345e-04
1.439999999999349711e+01 -1.764758593402609987e-04
1.444999999999349427e+01 -1.474709095787840596e-04
1.449999999999349143e+01 -1.178424882149267661e-04
1.454999999999348859e+01 -8.761173530274363186e-05
1.459999999999348574e+01 -5.679331205125232040e-05
1.464999999999348290e+01 -2.542025355183746838e-05
1.469999999999348006e+01 6.477845409823268508e-06
1.474999999999347722e+01 3.888539270931884451e-05
1.479999999999347438e+01 7.177553448377282930e-05
1.484999999999347153e+01 1.051049685571875392e-04
1.489999999999346869e+01 1.388203651719321918e-04
1.494999999999346585e+01 1.728775085551442769e-04
1.499999999999346301e+01 2.072276447252496823e-04
1.504999999999346016e+01 2.418270371195505031e-04
1.509999999999345732e+01 2.766389326370743973e-04
1.514999999999345448e+01 3.116311990861916903e-04
1.519999999999345164e+01 3.467844127470476323e-04
1.524999999999344880e+01 3.820863965077955782e-04
1.529999999999344595e+01 4.175172520053116454e-04
1.534999999999344311e+01 4.530514873665458797e-04
1.539999999999344027e+01 4.886626117646467038e-04
1.544999999999343743e+01 5.243292201223478943e-04
1.549999999999343459e+01 5.600372602820521961e-04
1.554999999999343174e+01 5.957656991559673321e-04
1.559999999999342890e+01 6.314893405550692229e-04
1.564999999999342606e+01 6.671901121416065616e-04
1.569999999999342322e+01 7.028489707929450048e-04
1.574999999999342037e+01 7.384504429203547771e-04
1.579999999999341753e+01 7.739722708270807550e-04
1.584999999999341469e+01 7.698818765376758133e-04
1.589999999999341185e+01 7.570846723169363801e-04
1.594999999999340901e+01 7.437296485841085603e-04
1.599999999999340616e+01 7.298381680588619802e-04
1.604999999999340332e+01 7.154245017863547496e-04
1.609999999999340048e+01 7.005082027674164324e-04
1.614999999999339764e+01 6.851109391150037031e-04
1.619999999999339479e+01 6.692473288325631597e-04
1.624999999999339195e+01 6.529230465080540502e-04
1.629999999999338911e+01 6.361436184810012606e-04
1.634999999999338627e+01 6.189172118412841761e-04
1.639999999999338343e+01 6.012554835685135490e-04
1.644999999999338058e+01 5.831759685765644519e-04
1.649999999999337774e+01 5.646913267001035797e-04
1.654999999999337490e+01 5.458164283604072242e-04
1.659999999999337206e+01 5.265826850709212636e-04
1.664999999999336922e+01 5.070141910963263387e-04
1.669999999999336637e+01 4.871289639632528368e-04
1.674999999999336353e+01 4.669498469454594347e-04
1.679999999999336069e+01 4.464995339044999789e-04
1.684999999999335785e+01 4.257895729577257371e-04
1.689999999999335500e+01 4.006635311610065586e-04
1.694999999999335216e+01 3.623814001816952346e-04
1.699999999999334932e+01 3.239888210958274950e-04
1.704999999999334648e+01 2.854790093606007773e-04
1.709999999999334364e+01 2.468600803156514867e-04
1.714999999999334079e+01 2.081430284983018519e-04
1.719999999999333795e+01 1.693325967374939567e-04
1.724999999999333511e+01 1.304360765927645160e-04
1.729999999999333227e+01 9.146565678087859030e-05
1.734999999999332942e+01 5.243743568290187840e-05
1.739999999999332658e+01 1.336301957034075061e-05
1.744999999999332374e+01 -2.575435858898078578e-05
1.749999999999332090e+01 -6.489939954804069266e-05
1.754999999999331806e+01 -8.755034791262106264e-05
1.759999999999331521e+01 -1.026773097544189661e-04
1.764999999999331237e+01 -1.178710240080718674e-04
1.769999999999330953e+01 -1.331100867224543904e-04
1.774999999999330669e+01 -1.483668790710837571e-04
1.779999999999330385e+01 -1.636183336441651703e-04
1.784999999999330100e+01 -1.788370450436366221e-04
1.789999999999329816e+01 -1.939874716510303632e-04
1.794999999999329532e+01 -2.090292592689182993e-04
1.799999999999329248e+01 -2.239268109959224873e-04
1.804999999999328963e+01 -2.386452428673677129e-04
1.809999999999328679e+01 -2.531484961825619662e-04
1.814999999999328395e+01 -2.674009491600501387e-04
1.819999999999328111e+01 -2.813688506767345054e-04
1.824999999999327827e+01 -2.950180680000719091e-04
1.829999999999327542e+01 -3.083133055006084811e-04
1.834999999999327258e+01 -3.212247441158194716e-04
1.839999999999326974e+01 -3.337233875212938794e-04
1.844999999999326690e+01 -3.457739635186959926e-04
1.849999999999326405e+01 -3.573479666546044986e-04
1.854999999999326121e+01 -3.684208459156235183e-04
1.859999999999325837e+01 -3.789669864465092242e-04
1.864999999999325553e+01 -3.889579690742467344e-04
1.869999999999325269e+01 -3.983638192689709090e-04
1.874999999999324984e+01 -4.071496684672215594e-04
1.879999999999324700e+01 -4.152870972311262232e-04
1.884999999999324416e+01 -4.227550540724933636e-04
1.889999999999324132e+01 -4.295277032865668643e-04
1.894999999999323848e+01 -4.355704755558548191e-04
1.899999999999323563e+01 -4.408583530526727357e-04
1.904999999999323279e+01 -4.453708704850734001e-04
1.909999999999322995e+01 -4.490801343558156744e-04
1.914999999999322711e+01 -4.519731943241206418e-04
1.919999999999322426e+01 -4.540484596978269782e-04
1.924999999999322142e+01 -4.553207365955713737e-04
1.929999999999321858e+01 -4.558049459809435100e-04
1.934999999999321574e+01 -4.555090054408628131e-04
1.939999999999321290e+01 -4.544459025134645058e-04
1.944999999999321005e+01 -4.526316298713584096e-04
1.949999999999320721e+01 -4.500750331629319034e-04
1.954999999999320437e+01 -4.467901779936014894e-04
1.959999999999320153e+01 -4.427935108990699309e-04
1.964999999999319868e+01 -4.381022738168191544e-04
1.969999999999319584e+01 -4.327376383867209686e-04
1.974999999999319300e+01 -4.267210345357541623e-04
1.979999999999319016e+01 -4.200749343028359339e-04
1.984999999999318732e+01 -4.128226046602942456e-04
1.989999999999318447e+01 -4.049830663459888513e-04
1.994999999999318163e+01 -3.965875116326567085e-04
1.999999999999317879e+01 -3.876620400761546237e-04
2.004999999999317595e+01 -3.782289977974570561e-04
2.009999999999317311e+01 -3.687736454483711568e-04
2.014999999999317026e+01 -3.744330150785221689e-04
2.019999999999316742e+01 -3.795448411565705005e-04
2.024999999999316458e+01 -3.841012569467811000e-04
2.029999999999316174e+01 -3.881018421216034242e-04
2.034999999999315889e+01 -3.915561927224572858e-04
2.039999999999315605e+01 -3.944675198503319602e-04
2.044999999999315321e+01 -3.968296863144510356e-04
2.049999999999315037e+01 -3.986318893939161390e-04
2.054999999999314753e+01 -4.026860879520616221e-04
2.059999999999314468e+01 -3.927833741422318004e-04
2.064999999999314184e+01 -3.828607715424259261e-04
2.069999999999313900e+01 -3.733016600742586344e-04
2.074999999999313616e+01 -3.641303401175771670e-04
2.079999999999313332e+01 -3.553567626952761072e-04
2.084999999999313047e+01 -3.469778580953084002e-04
2.089999999999312763e+01 -3.390053524063296742e-04
2.094999999999312479e+01 -3.314588070856341884e-04
2.099999999999312195e+01 -3.243548390638312240e-04
2.104999999999311910e+01 -3.177044392021696750e-04
2.109999999999311626e+01 -3.115184152477218360e-04
2.114999999999311342e+01 -3.058037111852568435e-04
2.119999999999311058e+01 -3.005713700379303299e-04
2.124999999999310774e+01 -2.958259949581987236e-04
2.129999999999310489e+01 -2.915632438082946254e-04
2.134999999999310205e+01 -2.877773099349209551e-04
2.139999999999309921e+01 -2.844661855925800786e-04
2.144999999999309637e+01 -2.816404453277257525e-04
2.149999999999309352e+01 -2.793176023482626946e-04
2.154999999999309068e+01 -2.775080564424367568e-04
2.159999999999308784e+01 -2.762104497546144510e-04
2.164999999999308500e+01 -2.754223363996000096e-04
2.169999999999308216e+01 -2.751381126459354065e-04
2.174999999999307931e+01 -2.753402696943213490e-04
2.179999999999307647e+01 -2.760078059491771763e-04
2.184999999999307363e+01 -2.771210320184486209e-04
2.189999999999307079e+01 -2.786554753952119601e-04
2.194999999999306795e+01 -2.805893462618502809e-04
2.199999999999306510e+01 -2.829007485085840989e-04
2.204999999999306226e+01 -2.855758316071127512e-04
2.209999999999305942e+01 -2.886062534526098733e-04
2.214999999999305658e+01 -2.919753621966544865e-04
2.219999999999305373e+01 -2.956555090246129613e-04
2.224999999999305089e+01 -2.996242118215239336e-04
2.229999999999304805e+01 -3.038487305214165879e-04
2.234999999999304521e+01 -3.082877841966563670e-04
2.239999999999304237e+01 -3.128989265299073064e-04
2.244999999999303952e+01 -3.176424665806837355e-04
2.249999999999303668e+01 -3.224946635775535753e-04
2.254999999999303384e+01 -3.274409666361999260e-04
2.259999999999303100e+01 -3.162400239065041307e-04
2.264999999999302815e+01 -3.044658440110939446e-04
2.269999999999302531e+01 -2.924212093907210819e-04
2.274999999999302247e+01 -2.801395135206621867e-04
2.279999999999301963e+01 -2.676464441018905349e-04
2.284999999999301679e+01 -2.549686589142577398e-04
2.289999999999301394e+01 -2.421343765719938257e-04
2.294999999999301110e+01 -2.291710077690634062e-04
2.299999999999300826e+01 -2.161091485068308837e-04
2.304999999999300542e+01 -2.029657139746704475e-04
2.309999999999300258e+01 -1.897598556116486535e-04
2.314999999999299973e+01 -1.765204439446860230e-04
2.319999999999299689e+01 -1.632680163177260835e-04
2.324999999999299405e+01 -1.500079075533108930e-04
2.329999999999299121e+01 -1.367670231132087078e-04
2.334999999999298836e+01 -1.235706803936337250e-04
2.339999999999298552e+01 -1.104186400399456702e-04
2.344999999999298268e+01 -9.731291997677748995e-05
2.349999999999297984e+01 -8.427416084141187147e-05
2.354999999999297700e+01 -7.131846316766471405e-05
2.359999999999297415e+01 -5.844886767336632261e-05
2.364999999999297131e+01 -4.567318493208655239e-05
2.369999999999296847e+01 -3.300139298217930062e-05
2.374999999999296563e+01 -2.045123978353102778e-05
2.379999999999296278e+01 -8.047937172454833199e-06
2.384999999999295994e+01 4.200932715192617906e-06
2.389999999999295710e+01 1.629227425773566162e-05
2.394999999999295426e+01 2.821215586207292958e-05
2.399999999999295142e+01 3.995453383863478702e-05
2.404999999999294857e+01 5.151633829389434815e-05
2.409999999999294573e+01 6.289113296540499443e-05
2.414999999999294289e+01 7.407887178322025701e-05
2.419999999999294005e+01 8.508285197621895390e-05
2.424999999999293721e+01 9.589917551533488904e-05
2.429999999999293436e+01 1.065182920529789135e-04
2.434999999999293152e+01 1.169353916280480021e-04
2.439999999999292868e+01 1.271457351734450736e-04
2.444999999999292584e+01 1.371487275141566875e-04
2.449999999999292299e+01 1.469522643081505597e-04
2.454999999999292015e+01 1.565667170141671338e-04
2.459999999999291731e+01 1.659922970212654447e-04
2.464999999999291447e+01 1.752072651866540265e-04
2.469999999999291163e+01 1.842010191632700855e-04
2.474999999999290878e+01 1.929874713053961188e-04
2.479999999999290594e+01 2.015693151004305239e-04
2.484999999999290310e+01 2.099462893191822443e-04
2.489999999999290026e+01 2.181166892145924852e-04
2.494999999999289741e+01 2.260800244811428383e-04
2.499999999999289457e+01 2.338325126358259398e-04
2.504999999999289173e+01 2.413687651182175320e-04
2.509999999999288889e+01 2.486810509309544948e-04
2.514999999999288605e+01 2.557677400350441554e-04
2.519999999999288320e+01 2.626271873146790448e-04
2.524999999999288036e+01 2.692514455097730353e-04
2.529999999999287752e+01 2.756474012668985729e-04
2.534999999999287468e+01 2.818366542613817693e-04
2.539999999999287184e+01 2.878431960674707191e-04
2.544999999999286899e+01 2.936809045889499092e-04
2.549999999999286615e+01 2.993555677463094478e-04
2.554999999999286331e+01 3.048694855444650242e-04
2.559999999999286047e+01 3.102266882353960087e-04
2.564999999999285762e+01 3.154279076726176911e-04
2.569999999999285478e+01 3.204850082488275298e-04
2.574999999999285194e+01 3.254030318745743111e-04
2.579999999999284910e+01 3.301676635794406622e-04
2.584999999999284626e+01 3.347710624263186552e-04
2.589999999999284341e+01 3.392101951165335527e-04
2.594999999999284057e+01 3.434717125556027706e-04
2.599999999999283773e+01 3.475402905419311406e-04
2.604999999999283489e+01 3.514099457602587462e-04
2.609999999999283204e+01 3.550806324198740871e-04
