#BJD_TDB	rel_flux_T1_n	rel_flux_err_T1_n	AIRMASS
2459206.703030	0.997151	0.001967	1.702464
2459206.704016	1.002267	0.001899	1.693109
2459206.705001	1.000068	0.001851	1.683865
2459206.705987	0.998531	0.001817	1.674821
2459206.706973	1.004261	0.001803	1.665843
2459206.707959	0.998333	0.001776	1.657029
2459206.708944	0.997165	0.001762	1.648344
2459206.709929	0.999036	0.001748	1.639755
2459206.710918	0.996325	0.001741	1.631288
2459206.711903	1.000498	0.001741	1.622980
2459206.712888	0.998907	0.001728	1.614793
2459206.713873	0.997117	0.001714	1.606692
2459206.714858	1.000149	0.001714	1.598729
2459206.715843	1.002430	0.001714	1.590902
2459206.716843	0.999029	0.001707	1.583021
2459206.717828	0.997889	0.001701	1.575401
2459206.718813	1.000129	0.001707	1.567862
2459206.719798	1.003400	0.001701	1.560484
2459206.720783	1.000300	0.001701	1.553157
2459206.721768	0.999589	0.001701	1.545938
2459206.722753	0.996441	0.001701	1.538842
2459206.723738	0.998005	0.001701	1.531842
2459206.724723	1.001263	0.001701	1.524919
2459206.725708	0.998251	0.001701	1.518093
2459206.726693	1.004117	0.001707	1.511363
2459206.727676	0.998811	0.001707	1.504774
2459206.728661	0.997220	0.001707	1.498230
2459206.729646	0.997445	0.001701	1.491779
2459206.730631	0.995697	0.001701	1.485419
2459206.731617	0.992849	0.001701	1.479148
2459206.732601	0.989400	0.001694	1.472964
2459206.733587	0.993539	0.001707	1.466870
2459206.734572	0.989646	0.001701	1.460858
2459206.735557	0.991299	0.001694	1.454947
2459206.736542	0.990732	0.001694	1.449119
2459206.737527	0.985897	0.001687	1.443329
2459206.738513	0.990732	0.001694	1.437643
2459206.739499	0.987228	0.001687	1.432014
2459206.740484	0.990042	0.001694	1.426484
2459206.741469	0.987925	0.001694	1.421031
2459206.742455	0.989544	0.001701	1.415652
2459206.743441	0.986778	0.001694	1.410348
2459206.744426	0.988430	0.001694	1.405118
2459206.745411	0.988389	0.001687	1.399956
2459206.746398	0.988970	0.001687	1.394853
2459206.747384	0.990445	0.001687	1.389824
2459206.748369	0.990472	0.001687	1.384882
2459206.749365	0.989065	0.001680	1.379953
2459206.750352	0.991176	0.001687	1.375129
2459206.751337	0.991763	0.001687	1.370392
2459206.752322	0.989161	0.001680	1.365704
2459206.753308	0.989824	0.001673	1.361082
2459206.754293	0.986771	0.001666	1.356542
2459206.755277	0.987331	0.001673	1.352049
2459206.756261	0.988062	0.001673	1.347620
2459206.757247	0.991340	0.001673	1.343267
2459206.758231	0.989639	0.001666	1.338959
2459206.759216	0.988103	0.001660	1.334711
2459206.760201	0.991654	0.001666	1.330538
2459206.761187	0.993259	0.001666	1.326409
2459206.762172	0.990418	0.001666	1.322342
2459206.763157	0.990349	0.001673	1.318333
2459206.764142	0.993470	0.001680	1.314379
2459206.765126	0.993033	0.001680	1.310497
2459206.766111	0.996769	0.001680	1.306655
2459206.767096	0.997022	0.001680	1.302867
2459206.768081	1.001645	0.001680	1.299136
2459206.769066	1.001666	0.001673	1.295460
2459206.770051	0.998531	0.001666	1.291837
2459206.771035	0.998114	0.001666	1.288278
2459206.772051	0.998695	0.001666	1.284641
2459206.773035	0.999706	0.001660	1.281176
2459206.774020	0.999487	0.001660	1.277761
2459206.775006	0.998572	0.001660	1.274396
2459206.775991	1.000573	0.001666	1.271081
2459206.776974	0.999200	0.001660	1.267829
2459206.777959	0.996585	0.001660	1.264602
2459206.778944	0.999863	0.001660	1.261436
2459206.779929	1.000470	0.001660	1.258318
2459206.780914	1.001468	0.001660	1.255236
2459206.781899	0.997705	0.001653	1.252224
2459206.782884	0.999589	0.001653	1.249236
2459206.783869	1.000511	0.001653	1.246297
2459206.784854	1.000416	0.001646	1.243404
2459206.785839	0.999241	0.001646	1.240574
2459206.786824	1.001345	0.001646	1.237767
2459206.787809	1.000409	0.001646	1.235006
2459206.788794	1.000102	0.001646	1.232311
2459206.789779	0.998319	0.001653	1.229640
2459206.790764	1.001563	0.001653	1.227012
2459206.791749	0.999391	0.001653	1.224427
2459206.792734	0.999514	0.001653	1.221885
2459206.793719	1.002608	0.001653	1.219394
2459206.794704	0.997274	0.001646	1.216945
2459206.795689	0.999453	0.001646	1.214530
2459206.796675	0.999200	0.001646	1.212155
2459206.797662	0.999712	0.001646	1.209812
2459206.798647	1.001256	0.001653	1.207528
2459206.799632	1.003346	0.001660	1.205275
2459206.800617	1.002130	0.001653	1.203061
2459206.801602	1.001310	0.001646	1.200887
2459206.802587	1.001870	0.001653	1.198754
2459206.803573	1.000211	0.001646	1.196658
2459206.804558	0.997281	0.001646	1.194595
2459206.805543	0.999405	0.001646	1.192577
2459206.806528	0.998797	0.001646	1.190603
2459206.807513	1.002205	0.001646	1.188660
2459206.808498	1.002779	0.001646	1.186750
2459206.809483	1.003209	0.001653	1.184878
2459206.810468	0.997991	0.001639	1.183049
2459206.811453	0.999788	0.001653	1.181258
2459206.812438	1.000033	0.001653	1.179495
2459206.813423	1.002424	0.001660	1.177776
2459206.814408	0.997192	0.001653	1.176087
2459206.815393	0.999405	0.001646	1.174439
2459206.816378	0.999105	0.001646	1.172827
2459206.817363	1.002827	0.001653	1.171244
2459206.818349	0.999528	0.001646	1.169697
2459206.819334	1.001891	0.001653	1.168190
2459206.820319	0.998599	0.001653	1.166717
2459206.821304	1.001911	0.001653	1.165278
2459206.822289	1.002478	0.001646	1.163870
2459206.823274	0.999221	0.001646	1.162496
2459206.824259	1.000559	0.001646	1.161163
2459206.825244	0.999241	0.001639	1.159858
2459206.826229	1.002690	0.001653	1.158588
2459206.827214	1.000593	0.001653	1.157351
2459206.828200	0.999405	0.001653	1.156147
2459206.829224	1.001570	0.001660	1.154929
2459206.830209	1.000716	0.001660	1.153797
2459206.831194	1.000286	0.001660	1.152694
