# Wavelength[nm]	g'	r'	Asahi i	z_s
1100	0.048955146	0.088178642	0.002693377	0.004727588
1099.5	0.046689961	0.100619808	0.003133603	0.004686341
1099	0.044032376	0.114752099	0.001882095	0.004573563
1098.5	0.041770969	0.126976118	0.002462183	0.00440613
1098	0.039468393	0.135665834	0.002843836	0.004338745
1097.5	0.037087411	0.138498113	0.002140405	0.004207377
1097	0.03522823	0.135285065	0.001457754	0.004012924
1096.5	0.03305725	0.125182599	0.003461717	0.003849602
1096	0.031403236	0.112625442	0.003085488	0.003772228
1095.5	0.029726114	0.097343922	0.003640439	0.003540551
1095	0.028159656	0.082937576	0.002248311	0.003342543
1094.5	0.026890639	0.070871696	0.00357776	0.003344202
1094	0.025730347	0.059917737	0.002890619	0.003091513
1093.5	0.024575658	0.051128365	0.002613449	0.002918665
1093	0.023787227	0.04373119	0.002979658	0.002878385
1092.5	0.022910107	0.037806541	0.004341973	0.002696497
1092	0.022256378	0.03287562	0.003237125	0.002648087
1091.5	0.021574298	0.029072946	0.003271274	0.002436327
1091	0.02117162	0.025777996	0.002833713	0.002391077
1090.5	0.020796528	0.023157187	0.002761657	0.002217616
1090	0.020472104	0.021039266	0.00360604	0.00211835
1089.5	0.020286381	0.019127335	0.004288497	0.002078721
1089	0.0202832	0.017760426	0.003999854	0.001997963
1088.5	0.020195467	0.016502414	0.002889773	0.001927985
1088	0.020216256	0.015341964	0.003372783	0.001812539
1087.5	0.020391112	0.014582962	0.002295405	0.001748351
1087	0.020700596	0.013769935	0.003886745	0.001603283
1086.5	0.02106953	0.013192963	0.003108721	0.001628182
1086	0.021557627	0.012673308	0.00336804	0.001522346
1085.5	0.02214415	0.012414678	0.002279113	0.00162392
1085	0.022796504	0.012025673	0.003181557	0.001588455
1084.5	0.02368569	0.011742562	0.001694893	0.001464756
1084	0.024653774	0.01160812	0.003439391	0.001374936
1083.5	0.025786739	0.011547551	0.003336027	0.001459714
1083	0.027287295	0.011448145	0.003449181	0.001564541
1082.5	0.028598432	0.011386991	0.003463435	0.001323185
1082	0.030406279	0.011544819	0.002649546	0.001413914
1081.5	0.032303102	0.011611207	0.002249253	0.001312924
1081	0.034611341	0.011839692	0.002202089	0.001484613
1080.5	0.036902454	0.012020771	0.002845884	0.001405545
1080	0.039655793	0.012204289	0.002548239	0.001476497
1079.5	0.04248308	0.012572857	0.002368783	0.001502178
1079	0.045597289	0.012656536	0.003011109	0.001365536
1078.5	0.048785731	0.012924028	0.003384427	0.001385811
1078	0.052007928	0.013213743	0.003469615	0.001626208
1077.5	0.055287264	0.013401198	0.003808084	0.001644043
1077	0.057936545	0.013444308	0.004549503	0.001612583
1076.5	0.060517255	0.013640798	0.003987526	0.001681584
1076	0.062384382	0.013494848	0.005268509	0.001597907
1075.5	0.063765004	0.013473809	0.005081757	0.001845954
1075	0.064196602	0.013252819	0.005549226	0.001891201
1074.5	0.064072236	0.012928203	0.005275171	0.002022903
1074	0.06303706	0.01254468	0.005651026	0.0020694
1073.5	0.061723683	0.012085811	0.006366965	0.002168385
1073	0.059602935	0.011473683	0.006664906	0.00213981
1072.5	0.057629369	0.010919734	0.006507951	0.002314073
1072	0.055237703	0.010255725	0.00493108	0.002302485
1071.5	0.052717175	0.009645753	0.003021946	0.002311143
1071	0.050669808	0.009125299	0.003207236	0.002441145
1070.5	0.048313312	0.008471886	0.001818232	0.002422879
1070	0.046461962	0.008006372	0.002038968	0.002437157
1069.5	0.04474552	0.007503143	0.00207952	0.002557061
1069	0.043172888	0.006997209	0.001122212	0.002395423
1068.5	0.041964229	0.006606043	0.001252727	0.002341545
1068	0.041031677	0.006283256	0.000253661	0.002261201
1067.5	0.040367112	0.005977904	0.00066928	0.002124197
1067	0.03994742	0.005788295	0.000970348	0.002147914
1066.5	0.039688371	0.005403178	0.000796989	0.0020122
1066	0.039743546	0.005153853	0.001503301	0.001857374
1065.5	0.040072612	0.005090595	0.00060407	0.001785642
1065	0.040818408	0.004870603	0.000181283	0.001714812
1064.5	0.041732725	0.004731206	0.001046041	0.001556807
1064	0.042946775	0.004627118	-0.000267048	0.001501126
1063.5	0.044754438	0.00452866	0.001042289	0.001331102
1063	0.0466897	0.004439268	0.00015264	0.001240954
1062.5	0.049293064	0.004433834	0.001177256	0.001159005
1062	0.052475888	0.00454723	0.000523955	0.001159993
1061.5	0.055834588	0.004575611	0.000934358	0.001063676
1061	0.060057703	0.004616921	0.000603439	0.001119111
1060.5	0.064254031	0.004696513	0.00063482	0.001002017
1060	0.069361299	0.004908572	-0.000145466	0.001096202
1059.5	0.07431826	0.004941307	-0.00040604	0.000869074
1059	0.079278052	0.005088394	-0.000533408	0.000884449
1058.5	0.083480783	0.005367165	0.000178296	0.000834492
1058	0.086585887	0.005678258	0.000243851	0.000821372
1057.5	0.088213488	0.006026893	9.83E-05	0.000770704
1057	0.08796183	0.006512209	0.00032472	0.000760393
1056.5	0.085001744	0.006990939	0.000976664	0.0008055
1056	0.08070159	0.007521999	0.000771251	0.00065936
1055.5	0.075077228	0.00832522	0.000193879	0.000749753
1055	0.068109252	0.009221604	0.000269313	0.000665351
1054.5	0.061661832	0.010295837	0.000605738	0.000732633
1054	0.054733705	0.011688212	-0.000580048	0.000721149
1053.5	0.048581548	0.01325787	8.64E-05	0.000714967
1053	0.04305632	0.015410711	-0.000484523	0.000704567
1052.5	0.038272429	0.017980579	0.000505476	0.000760457
1052	0.034226425	0.021160876	-0.000278933	0.000828505
1051.5	0.030494586	0.02529393	-0.000459638	0.000778151
1051	0.027665863	0.029731562	0.000441567	0.000833557
1050.5	0.024943385	0.035568625	-0.00051133	0.000737636
1050	0.02272049	0.041586515	-0.000237435	0.000791536
1049.5	0.020869292	0.0474247	0.000331304	0.000681893
1049	0.019350696	0.052635953	1.64E-05	0.000790496
1048.5	0.017978428	0.055632245	-0.000311701	0.000849783
1048	0.016781859	0.056265045	0.000712122	0.0007611
1047.5	0.015985899	0.054701243	0.000122055	0.001002884
1047	0.015089997	0.050743796	-0.00066544	0.000911379
1046.5	0.014320646	0.046285983	0.000194916	0.001018782
1046	0.013899301	0.04160608	0.000438691	0.001055633
1045.5	0.01343712	0.037032455	-0.000725326	0.001062039
1045	0.013125991	0.033255808	0.000557091	0.001127538
1044.5	0.012911153	0.03002676	0.000318983	0.001260367
1044	0.012671391	0.027376972	0.000565886	0.001286241
1043.5	0.012532055	0.025185451	0.000984747	0.001333675
1043	0.012505191	0.023636097	0.000673562	0.001341435
1042.5	0.012530922	0.022397144	0.000519243	0.001376768
1042	0.012517123	0.021415509	0.001543609	0.001362163
1041.5	0.012662947	0.021006044	0.00068263	0.001496995
1041	0.01296636	0.020803174	0.00091483	0.001629024
1040.5	0.01320903	0.020935349	0.000297906	0.001662858
1040	0.013662155	0.02153554	-3.62E-05	0.001753413
1039.5	0.014054713	0.022169858	0.001740988	0.001784302
1039	0.014531201	0.023292745	0.000696445	0.001752173
1038.5	0.015011474	0.025118785	-0.000418643	0.001872923
1038	0.01557711	0.02724579	-0.000226674	0.001864654
1037.5	0.016308254	0.030518929	-0.000278161	0.00185058
1037	0.017063666	0.034684535	-0.000440842	0.001929025
1036.5	0.017736336	0.040120695	0.000224416	0.0019853
1036	0.018529741	0.047762513	-0.000346134	0.001888536
1035.5	0.01934154	0.057580382	-0.000847798	0.001983976
1035	0.020189898	0.070607737	0.001302705	0.002129148
1034.5	0.021024378	0.085968137	0.00013313	0.002025947
1034	0.02191364	0.102317624	0.000751459	0.002076114
1033.5	0.022516765	0.113444366	3.66E-05	0.002033883
1033	0.023206513	0.115492299	0.000310484	0.00205328
1032.5	0.023860367	0.107090093	0.000304959	0.002092049
1032	0.024587283	0.092154518	0.000474123	0.002084665
1031.5	0.024912709	0.073419616	-0.000685781	0.001999551
1031	0.02527643	0.057656232	-5.25E-05	0.001964795
1030.5	0.025800791	0.044677339	-0.000344637	0.001915204
1030	0.026075536	0.035180677	0.000897677	0.001925365
1029.5	0.026459055	0.027984923	-0.000483555	0.001836944
1029	0.026745651	0.022551762	0.000200184	0.001756059
1028.5	0.027221406	0.018896496	0.001813936	0.001812342
1028	0.027849454	0.015893541	-0.000599582	0.001650749
1027.5	0.028399188	0.013534562	-2.70E-05	0.001583201
1027	0.029284205	0.011905008	0.000142425	0.001540611
1026.5	0.030331349	0.010610107	0.00042802	0.001529303
1026	0.031474903	0.009561497	0.001572359	0.001359309
1025.5	0.033085018	0.008658283	-1.18E-05	0.001296409
1025	0.035142757	0.007919916	0.0001369	0.001306977
1024.5	0.037613142	0.007442152	-0.00041643	0.001251451
1024	0.040314354	0.007052514	0.000389859	0.001221091
1023.5	0.043564145	0.006676745	0.000253078	0.001102094
1023	0.047235027	0.00636924	0.000733163	0.001022231
1022.5	0.050818093	0.006075307	0.000137672	0.000994765
1022	0.054694027	0.005941614	0.001433899	0.000888923
1021.5	0.057687111	0.005756847	-3.43E-05	0.000811067
1021	0.059225149	0.005678253	0.000392936	0.000924738
1020.5	0.058692176	0.005405966	0.000638919	0.000820833
1020	0.056071892	0.005399956	0.000942079	0.000920106
1019.5	0.051350739	0.005201417	0.000317953	0.000758287
1019	0.04544599	0.004983435	-0.001285214	0.00070889
1018.5	0.038693171	0.004592618	-0.000475469	0.00064649
1018	0.032667853	0.004347614	0.001305871	0.00060185
1017.5	0.027133934	0.00416451	0.000234072	0.000600764
1017	0.022407062	0.003814765	-0.000711902	0.00060136
1016.5	0.018541334	0.003514537	8.14E-05	0.000572192
1016	0.015386799	0.003065488	0.000253055	0.000554349
1015.5	0.013039216	0.002804282	0.000196755	0.000652489
1015	0.01094363	0.002565389	-0.000276903	0.000626025
1014.5	0.009302105	0.002250599	-0.000671087	0.000528885
1014	0.008115455	0.002032234	0.000772084	0.000672615
1013.5	0.007000104	0.001786857	-0.000350299	0.000643436
1013	0.00614603	0.00152057	-0.000237028	0.00059021
1012.5	0.00530994	0.001406208	-0.000481487	0.000687385
1012	0.004914389	0.001254733	0.000622651	0.000784075
1011.5	0.004293893	0.001102441	0.000466332	0.00071709
1011	0.003925938	0.000949119	-0.000151076	0.000719965
1010.5	0.003554817	0.000828837	0.000568814	0.000669973
1010	0.003306343	0.000897838	0.001481877	0.000852163
1009.5	0.003156909	0.000808749	-0.000448993	0.000871934
1009	0.002836925	0.000615773	-0.000124042	0.000954505
1008.5	0.0026811	0.000596951	0.000413069	0.000971185
1008	0.002540851	0.000415197	-0.000452935	0.00101551
1007.5	0.002418227	0.000494155	0.00016507	0.0011688
1007	0.002339365	0.000463898	-0.000422578	0.001276479
1006.5	0.002190503	0.000405838	-0.000814448	0.001317279
1006	0.002203435	0.000391233	-0.000682297	0.001597303
1005.5	0.002148855	0.000380343	9.32E-05	0.001599611
1005	0.002116419	0.000451677	0.000675717	0.001837302
1004.5	0.002145049	0.000399334	-0.000114687	0.002000204
1004	0.002039879	0.000329293	0.000353948	0.002157009
1003.5	0.001910029	0.000241696	-6.21E-05	0.002134785
1003	0.002175057	0.000362627	0.000302319	0.002358827
1002.5	0.002104494	0.000293344	0.000886666	0.002347261
1002	0.002161645	0.000283223	-0.000298138	0.002252541
1001.5	0.002191414	0.000274232	-0.000959266	0.002274719
1001	0.002226976	0.000262216	0.000835499	0.002095634
1000.5	0.002335486	0.000340301	0.000203208	0.002003983
1000	0.00231507	0.000238674	1.86E-06	0.001903139
999.5	0.002573806	0.00030813	0.001047329	0.001703887
999	0.002634975	0.000348139	0.00105397	0.001537618
998.5	0.002865601	0.00038618	-3.50E-05	0.001473579
998	0.002922513	0.000295462	0.000128389	0.001179038
997.5	0.003249943	0.000417224	0.000609746	0.001251293
997	0.003426321	0.000275362	-0.000197667	0.001131916
996.5	0.003608111	0.000273382	-0.000585976	0.000912251
996	0.004000027	0.000408915	0.001128263	0.000921701
995.5	0.004306353	0.000345713	0.001222846	0.000853595
995	0.004551801	0.000412563	0.000740878	0.00083123
994.5	0.004917381	0.00039758	-0.000932379	0.000648333
994	0.005442403	0.000546679	0.000936297	0.000814243
993.5	0.005746088	0.000446396	0.000532486	0.000798469
993	0.006041182	0.000410992	-0.000646151	0.00064374
992.5	0.006527138	0.000494091	-0.000158685	0.000668823
992	0.006836509	0.000530454	0.000905213	0.000582356
991.5	0.007242964	0.000646582	-2.09E-05	0.000602283
991	0.007414307	0.000650948	-0.000397475	0.000633107
990.5	0.007592914	0.000671443	-0.000265616	0.00064397
990	0.007732777	0.000761897	0.001050184	0.000613746
989.5	0.00771557	0.000724315	0.001163157	0.000564777
989	0.00784906	0.000826701	0.000202535	0.000602822
988.5	0.007786911	0.000872244	1.97E-05	0.000663609
988	0.007766171	0.000849208	0.001076852	0.000653375
987.5	0.007818165	0.000890033	0.000167534	0.000673639
987	0.007754216	0.000888043	-6.32E-05	0.000678465
986.5	0.007763707	0.000889234	0.000725334	0.000759343
986	0.007830796	0.000756769	0.000855791	0.000761945
985.5	0.007849229	0.000654786	-0.000424546	0.000669292
985	0.007928508	0.000665284	0.000235709	0.000822209
984.5	0.008114353	0.000640647	0.000456566	0.000827679
984	0.008246937	0.000556981	0.00092637	0.000929836
983.5	0.008339473	0.000548667	0.000689282	0.000880589
983	0.008578051	0.00044157	-0.000308709	0.000974863
982.5	0.008828817	0.000551058	6.61E-05	0.001232513
982	0.00896304	0.000549908	0.00079941	0.001240753
981.5	0.008935049	0.000573754	-0.000374039	0.001346442
981	0.008644161	0.00040519	0.000335985	0.001413538
980.5	0.008290771	0.000395935	-8.10E-05	0.00159207
980	0.007803522	0.000455082	-0.00015255	0.001719332
979.5	0.007186019	0.000341528	-0.000216216	0.00190189
979	0.006551601	0.000442047	-0.000781763	0.002079518
978.5	0.00569832	0.000287716	0.000606984	0.00210657
978	0.005033402	0.000429586	0.000510674	0.002288831
977.5	0.004228285	0.000338086	-0.000585116	0.002232238
977	0.003708775	0.000419208	0.001102366	0.002453955
976.5	0.003127907	0.0003141	-0.000368109	0.002313777
976	0.002629251	0.000278325	6.01E-05	0.002334212
975.5	0.002226886	0.000423529	-0.000927075	0.002311021
975	0.00205668	0.000449945	0.000860501	0.00224682
974.5	0.001661072	0.000484591	-0.000176176	0.002305406
974	0.001523161	0.000496142	-0.000383631	0.002131532
973.5	0.001329744	0.000484862	-1.13E-05	0.001998765
973	0.001126062	0.000529336	0.001193443	0.002038864
972.5	0.000953752	0.000605247	4.68E-05	0.00188102
972	0.000949703	0.000736887	0.000528522	0.001977582
971.5	0.00090382	0.000715807	0.000564779	0.001873792
971	0.00084522	0.000747883	-0.000317017	0.001838359
970.5	0.000703225	0.000683944	0.00050699	0.001764242
970	0.000608161	0.000687779	0.001313334	0.001749166
969.5	0.000627952	0.000643288	0.000942716	0.001866662
969	0.000515434	0.000584853	0.000418313	0.001719765
968.5	0.000534221	0.000551078	-0.001238417	0.001837055
968	0.00059525	0.00058208	-3.66E-05	0.001880183
967.5	0.000543448	0.000580659	0.000288273	0.001930226
967	0.000480661	0.000387338	0.000242473	0.001887715
966.5	0.0004479	0.00028709	0.000301372	0.002017725
966	0.000434768	0.000273428	0.000239914	0.002056498
965.5	0.000356195	0.000235206	4.54E-05	0.002205297
965	0.0004069	0.000244173	0.000519163	0.002228254
964.5	0.000355795	0.00014875	0.000289559	0.002521193
964	0.000323745	0.000129165	0.000399699	0.002664863
963.5	0.000357737	0.000161462	0.000267586	0.002979658
963	0.000317101	0.00010238	0.000409234	0.003194493
962.5	0.000337251	7.49E-05	-7.06E-05	0.003524364
962	0.000430804	0.000223616	0.000292876	0.004011185
961.5	0.000354982	0.000166298	0.001196129	0.004544037
961	0.000399856	0.00016083	0.000345951	0.005014822
960.5	0.000353648	6.54E-05	0.000526681	0.005639341
960	0.00038309	0.000120534	-0.000116927	0.006207704
959.5	0.000396368	0.000134948	0.000990448	0.006891192
959	0.000345943	6.23E-05	0.000240456	0.007602707
958.5	0.000325676	0.000158746	0.000830465	0.008192496
958	0.000539026	0.000150343	0.000433329	0.008783831
957.5	0.000398794	0.000100557	1.22E-05	0.008985138
957	0.000476756	0.000193213	-7.12E-05	0.009103835
956.5	0.000593414	0.000171415	-0.00015734	0.009043918
956	0.000477592	0.000207975	0.000250466	0.008573316
955.5	0.000461302	3.05E-05	0.001002455	0.008074947
955	0.000542452	0.000233421	-0.000484979	0.007513419
954.5	0.000412972	-2.78E-06	0.000336589	0.006983098
954	0.000563157	7.07E-05	0.000611449	0.006449771
953.5	0.000545753	0.000209978	0.00201471	0.005959396
953	0.000480402	4.96E-05	0.000826656	0.00549313
952.5	0.000624014	0.000123199	0.001098586	0.005070899
952	0.000538755	7.15E-05	0.000193246	0.004705909
951.5	0.000590819	8.58E-05	-0.001076976	0.004493084
951	0.000633518	8.31E-05	0.00071879	0.004182531
950.5	0.000603952	0.000110961	0.000358699	0.003908532
950	0.000643157	0.000165502	0.001308851	0.003820784
949.5	0.000701103	0.000234011	-6.15E-05	0.003795034
949	0.00068162	0.00024414	0.00018931	0.003610527
948.5	0.000717308	0.000117176	-0.000197364	0.003440978
948	0.000686535	0.000191701	0.000570079	0.003436317
947.5	0.000689056	0.000183307	-1.93E-05	0.003383221
947	0.000755121	0.000151971	0.000985142	0.003364011
946.5	0.000799689	0.000241118	0.000428912	0.003335426
946	0.000799125	0.000365765	-0.000190186	0.003452184
945.5	0.00091307	0.000437112	0.000127139	0.003500086
945	0.000802839	0.000407906	0.000384282	0.003555669
944.5	0.000900478	0.00052307	-0.000108889	0.003724513
944	0.000882736	0.000598396	5.63E-05	0.0038372
943.5	0.000973158	0.000717239	9.88E-05	0.004023931
943	0.001104306	0.00079208	-0.000105407	0.004259932
942.5	0.001125822	0.000979626	0.00157303	0.004445173
942	0.001149337	0.000963646	-0.000992152	0.004787529
941.5	0.001295876	0.000985423	-0.000718898	0.00509841
941	0.001354496	0.001052729	0.00064241	0.005426357
940.5	0.001589178	0.00108343	0.000472289	0.00599092
940	0.00172242	0.000926405	-0.000327558	0.006465909
939.5	0.001820999	0.000828514	-0.000438339	0.006993393
939	0.002052526	0.00067856	-0.00066161	0.00769564
938.5	0.002299212	0.000676388	0.000636538	0.008375905
938	0.002497858	0.000486633	-0.000286873	0.009310951
937.5	0.002827126	0.000517966	-0.000263521	0.010488557
937	0.0032418	0.000530296	-0.000456829	0.011794012
936.5	0.003782429	0.000384591	0.001307642	0.013305717
936	0.004462474	0.000515681	0.000344133	0.01517209
935.5	0.005062529	0.000395998	-0.001277098	0.017422657
935	0.005948019	0.000528913	-0.000234977	0.020036684
934.5	0.006748763	0.000478804	8.73E-05	0.023372043
934	0.007600436	0.000623025	0.000806095	0.027380448
933.5	0.008377151	0.000502982	-0.000950359	0.032084566
933	0.008768383	0.000480259	0.000798827	0.038150877
932.5	0.009040458	0.000486636	0.000208169	0.045365091
932	0.009038335	0.000638403	-9.70E-05	0.055079889
931.5	0.008781769	0.000649066	-7.23E-05	0.066519596
931	0.008288917	0.000734477	-0.000210826	0.081890136
930.5	0.007599344	0.000818674	-0.000495605	0.100854576
930	0.006945489	0.000996259	0.000243458	0.125452578
929.5	0.006228996	0.00119435	0.000994164	0.158796579
929	0.005645737	0.001440001	5.86E-05	0.199339703
928.5	0.005115678	0.001773017	0.000458471	0.25860557
928	0.004709551	0.002232155	-0.000580717	0.333220363
927.5	0.004351394	0.002969917	0.000427344	0.438566089
927	0.004016266	0.003740553	-3.13E-05	0.579479873
926.5	0.003750946	0.004605742	-0.000564012	0.773605466
926	0.00367682	0.005321769	-0.000388826	1.064663053
925.5	0.003343536	0.005610141	5.07E-05	1.439949155
925	0.003220549	0.005723529	-0.000421467	2.04177022
924.5	0.003185058	0.005243309	0.000827369	2.888841867
924	0.003053544	0.004680233	-0.000261012	4.100560188
923.5	0.003034573	0.003972289	0.000457919	5.974109173
923	0.003038278	0.003462111	-0.000169968	8.597382545
922.5	0.003091818	0.002868784	0.000124813	12.45342827
922	0.002966636	0.002478475	-5.96E-05	17.34065056
921.5	0.003110417	0.002232664	3.91E-05	24.3784771
921	0.003214107	0.002137693	-0.000381559	33.38470459
920.5	0.003218679	0.001854427	0.00047912	44.31843185
920	0.003415646	0.001959065	-0.000131804	56.94754791
919.5	0.00347439	0.001819242	-0.000251175	68.60552216
919	0.003616966	0.001872658	0.001349204	79.15770721
918.5	0.003758777	0.00197488	0.00047737	86.67181396
918	0.003922679	0.002305724	-8.91E-06	91.64709473
917.5	0.004082249	0.00253661	-0.000352959	94.42761993
917	0.004306734	0.002931782	-0.000220135	96.05059814
916.5	0.004525279	0.003790961	-0.000695969	96.83956909
916	0.004742507	0.004700985	-0.000853187	97.24546051
915.5	0.005041652	0.006237547	-0.001185054	97.45701599
915	0.005189147	0.008002218	-0.000158849	97.55315399
914.5	0.005468692	0.009433204	-0.000214839	97.66455078
914	0.005797653	0.010295714	-0.00012185	97.75974274
913.5	0.005845046	0.009970472	-0.000675912	97.88549042
913	0.00607278	0.008820828	0.000605563	98.08007813
912.5	0.006227511	0.007053589	0.000915552	98.23823547
912	0.006323957	0.005330647	0.00084621	98.4868927
911.5	0.006468679	0.003886263	0.000164195	98.72498322
911	0.006496211	0.002749714	-0.000463391	98.8755188
910.5	0.006458846	0.002008777	-0.000645506	99.15526581
910	0.006463644	0.00156367	-0.000351289	99.33963776
909.5	0.006393198	0.001140993	0.000401515	99.44622803
909	0.00636148	0.000999846	0.00082821	99.63167572
908.5	0.006241031	0.000904061	-0.000242061	99.69503021
908	0.006031785	0.000756881	-0.000206287	99.6815567
907.5	0.005933059	0.000581099	0.000202656	99.65936279
907	0.005635911	0.000482509	1.91E-05	99.56157684
906.5	0.005543104	0.000483414	-0.000720891	99.49680328
906	0.005394232	0.000328536	-0.000826303	99.29544067
905.5	0.005233184	0.000444853	0.000352927	99.22409058
905	0.005098258	0.000452502	-0.00085426	99.1533432
904.5	0.004896317	0.000379941	0.000240317	99.13876343
904	0.004697609	0.000392556	-0.000149957	99.07492065
903.5	0.004583274	0.000288421	0.000595654	99.09794617
903	0.004491102	0.000423377	0.000448994	99.23094177
902.5	0.00418367	0.000392283	0.001161297	99.29753113
902	0.004152943	0.000428649	-0.000518068	99.2947998
901.5	0.004186097	0.000552993	0.000980902	99.41191101
901	0.004070291	0.000532774	-0.000238119	99.48591614
900.5	0.003960372	0.000512172	0.000216295	99.51408386
900	0.003775294	0.000586432	9.24E-05	99.58963776
899.5	0.004500154	0.001171045	0.000640469	100.4241333
899	0.002957951	-0.000352191	-0.005415348	99.61697388
898.5	0.004131109	0.00159767	0.003987405	99.10609436
898	0.003918978	0.001498911	0.000303986	99.39756775
897.5	0.00194659	0.000426179	-0.000819918	99.16808319
897	0.002011038	0.00041535	0.002084724	98.79011536
896.5	0.004991836	0.002029947	0.004707245	99.70033264
896	0.003498731	0.00316714	0.00121093	98.81762695
895.5	0.004755748	0.002949474	-0.00010166	99.4610672
895	0.005027942	0.004860249	0.000517633	98.59750366
894.5	0.003707906	0.00358388	-0.002329115	99.26509857
894	0.00299867	0.00451905	0.006268487	98.94002533
893.5	0.004310726	0.005241625	0.001059837	99.33124542
893	0.005726299	0.004288702	0.00127882	98.70854187
892.5	0.0040001	0.003387823	0.006571083	98.70435333
892	0.004053239	0.002386272	0.000460245	99.20291138
891.5	0.0031002	0.003218748	0.00031179	99.19625092
891	0.004211829	0.001484515	0.004394691	98.29059601
890.5	0.004418028	0.002177408	0.000184239	98.55934143
890	0.005469799	0.001471119	0.002774009	98.68249512
889.5	0.005041807	0.001514161	0.002336801	98.18334961
889	0.007075056	0.002167494	0.001770357	98.70629883
888.5	0.005290759	0.001915448	0.000883516	98.40778351
888	0.006260809	0.002820417	0.000144556	98.60472107
887.5	0.006915545	0.001522049	-0.001057182	97.72917938
887	0.006292802	0.003021974	0.000124613	98.58668518
886.5	0.006342047	0.002551368	0.00199963	98.72127533
886	0.006338255	0.002948873	-0.000214928	98.86699677
885.5	0.006496328	0.002724189	0.003724858	98.59606934
885	0.005534615	0.002915723	0.000458388	98.49770355
884.5	0.006499709	0.004829209	0.000684157	99.00389099
884	0.006050706	0.005553086	0.002063228	98.89118958
883.5	0.00652315	0.006666603	0.001018424	99.30364227
883	0.007378562	0.006650411	-0.000709163	98.76285553
882.5	0.005505869	0.008565253	-0.001027688	99.60402679
882	0.006725073	0.00708605	0.000453009	99.06941986
881.5	0.007156784	0.008179337	0.003547403	99.5579834
881	0.006369844	0.005299155	0.000235305	99.42608643
880.5	0.005821028	0.004599439	0.001248187	99.78569794
880	0.005607949	0.003751894	0.000470438	99.60128021
879.5	0.005098747	0.003504622	0.001189745	99.35668182
879	0.006634775	0.002592775	0.002256894	99.21822357
878.5	0.005810308	0.001901182	-0.001076112	98.93952179
878	0.004971837	0.001945232	-3.06E-06	98.83404541
877.5	0.005557788	0.00122156	0.000589214	99.00197601
877	0.00578067	0.001488188	0.001322334	98.7718277
876.5	0.005106491	0.00100478	-0.001835208	99.1227417
876	0.005374028	0.001490595	0.000867069	98.97058105
875.5	0.005431273	0.000967025	0.001080281	99.08516693
875	0.004989636	0.001111218	-0.000144907	99.23707581
874.5	0.005134664	0.000701702	-0.000175928	98.90442657
874	0.004784435	0.000999237	0.001222151	99.45217896
873.5	0.004469356	0.00066633	0.00042557	99.48714447
873	0.004754415	0.000791987	-0.000360106	99.60449219
872.5	0.004491205	0.001151126	0.00028491	99.36113739
872	0.004470712	0.00081582	3.85E-05	99.48182678
871.5	0.004723117	0.001570254	0.000475787	99.46446991
871	0.004106497	0.001278156	-3.53E-05	99.26399994
870.5	0.003919815	0.001435073	7.22E-05	98.98426056
870	0.003604884	0.001912524	-0.000465071	98.96666718
869.5	0.00325724	0.001815297	3.02E-05	98.55091858
869	0.003180593	0.002392023	-0.000432215	98.43920898
868.5	0.003011216	0.002746884	0.000195861	98.07751465
868	0.002895193	0.002960204	0.000540587	98.14033508
867.5	0.002351802	0.003526941	0.000954837	97.99491119
867	0.002524296	0.004046076	0.000641176	98.05793762
866.5	0.002114558	0.004318231	0.000407277	98.19732666
866	0.002135773	0.004954566	0.000471764	98.17682648
865.5	0.002173779	0.005729741	0.00077092	98.03740692
865	0.001858381	0.005108786	-0.000137415	98.07623291
864.5	0.001773192	0.00606117	0.000122883	98.63996124
864	0.001567989	0.005572534	0.000565349	98.76715851
863.5	0.001460645	0.005498593	0.00078477	98.94301605
863	0.001397848	0.005164173	0.000960383	98.741539
862.5	0.001186144	0.005029934	-0.000298367	99.04229736
862	0.001450617	0.005043583	0.000113892	99.30097961
861.5	0.001251562	0.004597014	0.000354008	99.44199371
861	0.001388873	0.004272237	0.000227369	99.30649567
860.5	0.001146888	0.003782589	0.000184879	99.1333847
860	0.000956925	0.003473291	-0.000414033	99.01066589
859.5	0.001186494	0.00300184	0.00016558	98.78883362
859	0.000988561	0.002442007	-5.96E-05	98.8540802
858.5	0.001209319	0.002380139	0.000281547	98.78813934
858	0.001168777	0.001992143	0.00030057	98.81798553
857.5	0.000984311	0.001405712	-0.000335927	98.6473465
857	0.001205646	0.001378864	0.000389717	98.57566071
856.5	0.001121552	0.001139428	0.000413355	98.83996582
856	0.000999673	0.000616637	-0.000134432	98.61367035
855.5	0.001227858	0.000727022	-0.000190434	98.88513947
855	0.00123442	0.00055354	0.000283072	98.67081451
854.5	0.001417077	0.000586693	-0.000231424	98.77594757
854	0.001369781	0.000513562	0.00053459	98.87387848
853.5	0.001313586	0.000414354	-0.000224025	98.97888184
853	0.001472287	0.000260235	-5.27E-06	98.99323273
852.5	0.00154408	0.000250801	0.000630158	99.14015198
852	0.00165258	0.000321093	-0.000236542	99.26406097
851.5	0.001832359	0.000206635	-4.27E-05	99.28877258
851	0.002004624	0.000199502	9.70E-05	99.37606049
850.5	0.002257865	0.000200938	0.000244743	99.29898071
850	0.00251027	0.00024146	0.000295831	99.23647308
849.5	0.002679815	0.000253168	0.000193522	99.24267578
849	0.003026761	0.00017228	1.01E-06	99.14896393
848.5	0.003193127	0.000103198	0.000352087	98.99279785
848	0.003633005	0.000143725	1.50E-05	99.06959534
847.5	0.003934701	0.00015397	0.00022687	98.91938019
847	0.004319265	0.000188705	0.000116541	98.84338379
846.5	0.004766332	0.000201817	-8.37E-06	98.66120148
846	0.004920319	0.000243248	7.19E-05	98.70478821
845.5	0.005247689	0.000302409	0.000252701	98.57496643
845	0.005544167	0.000212313	0.000173442	98.40255737
844.5	0.005751449	0.00025938	0.000725873	98.52219391
844	0.005829624	0.000239811	-5.05E-05	98.5275116
843.5	0.006115651	0.000325894	-0.000122705	98.73843384
843	0.006101849	0.000395527	0.000251038	98.77344513
842.5	0.005984363	0.000434089	-2.19E-05	98.92484283
842	0.005616023	0.000490947	0.000509322	98.98503113
841.5	0.005652993	0.000428623	0.000671961	99.01346588
841	0.005322299	0.000587206	-7.93E-05	98.99986267
840.5	0.005067491	0.000587911	0.000358769	98.98556519
840	0.004666599	0.000624685	0.00016137	98.68029022
839.5	0.004258365	0.000678205	0.000532886	98.33714294
839	0.003969035	0.000696842	0.000653767	97.92725372
838.5	0.003794745	0.000683213	0.000605961	97.42573547
838	0.003458504	0.000620657	0.000734658	96.73231506
837.5	0.003289223	0.000654928	0.000927237	96.23534393
837	0.002973905	0.000660982	0.000898086	95.81802368
836.5	0.002742772	0.000659818	0.000851223	95.44435883
836	0.002630394	0.00063427	0.001241507	95.23527527
835.5	0.002423928	0.000583028	0.001722357	95.32518768
835	0.002211554	0.00053339	0.001533885	95.36196899
834.5	0.002199841	0.000544928	0.002328794	95.74694824
834	0.002072091	0.000530073	0.002792118	96.1272049
833.5	0.002024164	0.000560926	0.002618346	96.31054688
833	0.001940676	0.000524329	0.003620711	96.47407532
832.5	0.001946455	0.00057169	0.004252184	96.15910339
832	0.001940615	0.000530594	0.005246332	95.45508575
831.5	0.001934392	0.000553057	0.005953718	94.44117737
831	0.002005996	0.000691287	0.007417935	93.33350372
830.5	0.001943204	0.000633033	0.009016071	92.45069885
830	0.002020119	0.000635014	0.010397826	91.97422028
829.5	0.002148205	0.000629644	0.012451777	91.76593781
829	0.002286085	0.000662709	0.01629645	91.85337067
828.5	0.002301204	0.000689861	0.019324273	90.47803497
828	0.002459392	0.000700892	0.024276685	86.21113586
827.5	0.002666987	0.000661474	0.030566545	77.51932526
827	0.002785379	0.000592734	0.037308756	64.98878479
826.5	0.003043618	0.000576714	0.046596389	50.14197922
826	0.003267794	0.000479149	0.058828276	35.4869194
825.5	0.003554933	0.000473028	0.075623728	23.16997147
825	0.003828544	0.000392921	0.095962726	14.24998188
824.5	0.004101847	0.000391326	0.122662239	8.580205917
824	0.004440685	0.000318212	0.158106029	5.150584698
823.5	0.004857029	0.00033536	0.20780994	3.140724421
823	0.005062323	0.000263272	0.273476481	1.976576447
822.5	0.005271094	0.000318559	0.366579771	1.255490899
822	0.005486612	0.00023308	0.493204355	0.828915715
821.5	0.00578892	0.000285128	0.670217931	0.559291542
821	0.005922742	0.000262365	0.920024872	0.389089793
820.5	0.005934077	0.000233287	1.273952007	0.276122868
820	0.006022459	0.000249498	1.786026716	0.198934361
819.5	0.005841554	0.000200835	2.545087576	0.147379056
819	0.005691307	0.000239586	3.676766872	0.109374911
818.5	0.005564864	0.000219581	5.394979	0.083030425
818	0.005287139	0.000238445	7.917107105	0.064286053
817.5	0.004900823	0.000225571	11.63055706	0.049541004
817	0.004672422	0.000253288	17.03962135	0.039027147
816.5	0.004167395	0.000268059	24.52848625	0.031449124
816	0.003814707	0.000277371	34.74014664	0.025024807
815.5	0.003461454	0.000335626	46.70884323	0.020414911
815	0.002932781	0.000353378	59.70863724	0.016609913
814.5	0.002706568	0.000415251	72.29103851	0.013972974
814	0.002365259	0.000513066	82.72490692	0.011812297
813.5	0.002032187	0.000587997	90.62322998	0.009735337
813	0.001873821	0.000752771	95.44455719	0.008575486
812.5	0.00151553	0.000832473	97.73792267	0.007294843
812	0.001366617	0.001048936	98.32662201	0.00615137
811.5	0.001187238	0.001333562	98.10244751	0.005444198
811	0.00106822	0.001645223	97.5821228	0.004829213
810.5	0.000938901	0.001958713	97.1144104	0.004135299
810	0.000835262	0.002289098	96.79418182	0.003766552
809.5	0.000724952	0.002690582	96.69064331	0.003424459
809	0.000663305	0.003122409	96.82411194	0.00304004
808.5	0.000642427	0.003359273	97.12402344	0.002790183
808	0.000574195	0.003574368	97.37440491	0.002551397
807.5	0.00056566	0.003795051	97.6820755	0.002344116
807	0.000521431	0.004036001	97.98236084	0.002202454
806.5	0.000500864	0.004049302	98.38259125	0.002112645
806	0.000459256	0.004115181	98.60532379	0.001985359
805.5	0.000476783	0.004277969	98.88652802	0.001863608
805	0.000427292	0.004536878	99.03423309	0.001799335
804.5	0.000460361	0.004784641	99.15442657	0.001783391
804	0.000444606	0.004930205	99.19593811	0.001738509
803.5	0.00043351	0.005094569	99.26136017	0.001634206
803	0.000445184	0.005278194	99.25184631	0.001775927
802.5	0.000408326	0.005150248	99.25337219	0.001703326
802	0.000462659	0.004975476	99.27121735	0.001739175
801.5	0.000453597	0.004721951	99.27366638	0.001788525
801	0.00051866	0.004122612	99.22897339	0.001804028
800.5	0.00048931	0.003552076	99.20628357	0.001890973
800	0.000521841	0.003063421	99.27442932	0.001914741
799.5	0.000550616	0.00260965	99.2253418	0.002081
799	0.000615856	0.002175272	99.2228241	0.002270995
798.5	0.000606119	0.001834511	99.21376801	0.002468565
798	0.000701968	0.001608249	99.21068573	0.002728065
797.5	0.000726646	0.001394979	99.18421936	0.003113202
797	0.000827664	0.001283841	99.15808105	0.003411145
796.5	0.000895506	0.00114466	99.15345001	0.003811082
796	0.000947021	0.001129938	99.110672	0.004249752
795.5	0.001066347	0.001111622	99.08021545	0.004532302
795	0.001212546	0.001053799	98.98496246	0.004956538
794.5	0.001259996	0.001127257	99.02378845	0.005164776
794	0.001403815	0.001160535	99.00272369	0.005097578
793.5	0.001564118	0.001252618	98.94745636	0.004992604
793	0.001755558	0.001415296	98.94075775	0.004614908
792.5	0.002054438	0.00167314	98.99859619	0.004293335
792	0.002350968	0.002073717	99.03049469	0.003863618
791.5	0.002773755	0.002560358	99.1022644	0.003436721
791	0.0032295	0.003113552	99.11682129	0.003118113
790.5	0.003652165	0.003658382	99.15996552	0.002788594
790	0.004216671	0.004158336	99.22151184	0.002442174
789.5	0.004705027	0.004264057	99.26914215	0.0022909
789	0.005481398	0.004150113	99.32118988	0.00207277
788.5	0.006057366	0.003683226	99.36408234	0.002031481
788	0.006593928	0.002948909	99.4460907	0.001947275
787.5	0.006771811	0.002300351	99.42925262	0.001923978
787	0.006893007	0.001639486	99.49733734	0.001808144
786.5	0.006764153	0.001364115	99.48869324	0.00186563
786	0.0065646	0.00097718	99.47426605	0.001883116
785.5	0.006204986	0.000814457	99.460289	0.001966791
785	0.005866609	0.000671714	99.45762634	0.002116926
784.5	0.005543847	0.000630316	99.49739838	0.002336449
784	0.005215075	0.000547419	99.4739151	0.002446268
783.5	0.00496732	0.000511178	99.5041275	0.00264953
783	0.004684459	0.000476205	99.43565369	0.002827138
782.5	0.004569662	0.000459317	99.46882629	0.002922671
782	0.004422033	0.000427343	99.46620178	0.003032802
781.5	0.004524079	0.000439105	99.45265961	0.00296771
781	0.004752026	0.00052287	99.39474487	0.002924701
780.5	0.004805918	0.00054025	99.43347168	0.002738452
780	0.00508376	0.000579802	99.4228363	0.002528386
779.5	0.005331542	0.000635343	99.47856903	0.002243122
779	0.005826568	0.00076576	99.42754364	0.002054536
778.5	0.006219515	0.000847426	99.44168091	0.001802044
778	0.006557965	0.000935728	99.39610291	0.001686329
777.5	0.006831446	0.001015213	99.4232254	0.001512345
777	0.006963954	0.00098861	99.3949585	0.001356453
776.5	0.006973002	0.000950907	99.42562103	0.001221658
776	0.006828253	0.000842067	99.31813049	0.001164778
775.5	0.006393324	0.000723287	99.34938049	0.001113815
775	0.00575285	0.000579011	99.40879059	0.001103373
774.5	0.005164315	0.000477801	99.52645111	0.001094184
774	0.004521088	0.000395229	99.56735992	0.001143463
773.5	0.00401066	0.00030415	99.59575653	0.001206156
773	0.003506735	0.000250098	99.62186432	0.001231121
772.5	0.003112798	0.000246216	99.5930481	0.001320002
772	0.002736324	0.000210164	99.68280792	0.001419113
771.5	0.002462097	0.000170736	99.74803162	0.001491526
771	0.002243044	0.000167017	99.84500122	0.001702052
770.5	0.002096239	0.000163535	99.65270996	0.001790057
770	0.001904459	0.000141931	99.6675415	0.001874308
769.5	0.001775376	0.000109544	99.55538177	0.001899386
769	0.001736449	0.000103754	99.49391174	0.001950057
768.5	0.001617796	0.000116237	99.50857544	0.001874412
768	0.001579616	0.000123127	99.39118195	0.00175797
767.5	0.001610989	0.000144246	99.2745285	0.001667157
767	0.001512344	0.000134637	99.16764832	0.001516253
766.5	0.001392538	7.66E-05	99.01987457	0.00137082
766	0.001434833	0.000139547	98.89680481	0.001281773
765.5	0.001382326	0.000119879	98.7775116	0.001200116
765	0.001316592	0.00014404	98.73118591	0.001231225
764.5	0.001300464	0.00014413	98.68977356	0.00113628
764	0.001243315	0.000143902	98.58081055	0.00110304
763.5	0.001196306	0.000132713	98.5610199	0.001119702
763	0.001166755	0.000173	98.56969452	0.001196384
762.5	0.001096243	0.000174509	98.46751404	0.001300716
762	0.000982558	0.000191098	98.44504547	0.001371937
761.5	0.000972606	0.000203462	98.40972137	0.001569085
761	0.000842027	0.000245607	98.3458252	0.001614083
760.5	0.000830621	0.000283938	98.43380737	0.001687137
760	0.000772622	0.00032287	98.67842102	0.001811485
759.5	0.000681	0.000359283	98.72997284	0.001709969
759	0.000634533	0.000413863	98.76431274	0.001583013
758.5	0.000603283	0.000518769	98.75874329	0.001396785
758	0.000547059	0.000561916	98.87786102	0.001204742
757.5	0.000508188	0.000764356	98.94324493	0.001001061
757	0.000447341	0.000856328	99.04722595	0.000743535
756.5	0.000486914	0.001171424	99.0958786	0.000658846
756	0.000443431	0.001500994	99.1697464	0.000548556
755.5	0.00043994	0.001960739	99.25402069	0.000464224
755	0.000453538	0.002569726	99.3059082	0.000445541
754.5	0.000418452	0.003342042	99.41323853	0.000375093
754	0.000438871	0.004273272	99.60864258	0.000374182
753.5	0.000368571	0.005390845	99.63282776	0.000331484
753	0.000410444	0.006187191	99.58113098	0.000321118
752.5	0.000421906	0.006637597	99.44554138	0.000318758
752	0.000440596	0.006661091	99.4641037	0.000319465
751.5	0.000451145	0.006309811	99.33976746	0.000327861
751	0.000464363	0.005682847	99.19962311	0.000374295
750.5	0.000498121	0.004898053	99.08393097	0.000407255
750	0.000531946	0.004324764	98.93838501	0.000527083
749.5	0.000622851	0.003827409	98.83863831	0.000653816
749	0.000677214	0.003494321	98.66127777	0.000766694
748.5	0.000824118	0.003293519	98.4367981	0.000930713
748	0.000926564	0.003191274	98.41535187	0.001105727
747.5	0.001129376	0.003181582	98.29873657	0.001141109
747	0.001419735	0.003279002	98.18680573	0.001124024
746.5	0.001741886	0.003481061	98.20223999	0.001039151
746	0.00239374	0.003628554	98.22158051	0.000875904
745.5	0.003100691	0.003810928	98.30549622	0.000756705
745	0.004239533	0.004018846	98.33547211	0.000559149
744.5	0.005797931	0.004090429	98.47612	0.00042637
744	0.007531518	0.003988779	98.5945282	0.000341488
743.5	0.009125097	0.003772864	98.77329254	0.00024494
743	0.010360111	0.003424275	98.88391113	0.000215937
742.5	0.01078071	0.003123172	99.04374695	0.000200963
742	0.01041024	0.002727267	99.02560425	0.000180395
741.5	0.009389315	0.002341162	99.1842804	0.000129108
741	0.008048192	0.002044954	99.27355957	0.000125006
740.5	0.006858343	0.001913501	99.45366669	0.000133914
740	0.005799834	0.001725415	99.54911804	0.000143503
739.5	0.005046434	0.001633533	99.52143097	0.000128903
739	0.004581826	0.001592561	99.46355438	0.000113443
738.5	0.00423678	0.001565858	99.42410278	0.00010686
738	0.004069358	0.001719642	99.35992432	0.000139389
737.5	0.004105688	0.001937994	99.3744278	0.000125986
737	0.004179736	0.002226959	99.33911896	0.000122859
736.5	0.004280395	0.002652666	99.27676392	8.97E-05
736	0.004520218	0.003360738	99.3902359	0.000153654
735.5	0.004883866	0.004069037	99.39458466	0.000186416
735	0.005273666	0.004634059	99.46227264	0.000173515
734.5	0.005670566	0.004821896	99.50100708	0.000168186
734	0.00604909	0.004567261	99.57563019	0.000178353
733.5	0.006401198	0.003910098	99.69451141	0.000195925
733	0.006608388	0.003074445	99.60445404	0.000195472
732.5	0.006769064	0.002292259	99.6075058	0.000222212
732	0.006709902	0.001519112	99.58568573	0.000228295
731.5	0.006557102	0.001101335	99.46807861	0.00026812
731	0.006279533	0.000802715	99.35299683	0.000303214
730.5	0.005783621	0.000589594	99.28909302	0.000329458
730	0.005431249	0.000478542	99.12174988	0.000344123
729.5	0.005017182	0.000380324	98.96961212	0.000406909
729	0.004633278	0.000343662	98.89079285	0.000454312
728.5	0.004137157	0.0003035	98.79359436	0.000445567
728	0.003780894	0.000286681	98.73755646	0.000466319
727.5	0.003469324	0.000239653	98.66475677	0.000457604
727	0.003213297	0.000245823	98.62258148	0.000427356
726.5	0.002869357	0.000196336	98.67928314	0.000356301
726	0.002751121	0.000228122	98.7064209	0.000374341
725.5	0.002551244	0.000222384	98.78127289	0.000380414
725	0.002427285	0.000244464	98.78994751	0.000332078
724.5	0.00224762	0.000248435	98.88602448	0.000290062
724	0.00219189	0.000256031	98.94857025	0.000269046
723.5	0.002116201	0.000285961	99.03936768	0.000239509
723	0.002083375	0.000320267	99.09143066	0.000243847
722.5	0.002110891	0.000396227	99.16713715	0.000256027
722	0.002101492	0.000419383	99.13752747	0.000246854
721.5	0.002183981	0.000535584	99.16921234	0.000251105
721	0.002347822	0.000627769	99.18053436	0.000278546
720.5	0.002484829	0.000812979	99.16136932	0.000314551
720	0.002792626	0.001076093	99.13049316	0.000366715
719.5	0.003065668	0.001377257	99.05274963	0.000453864
719	0.003432957	0.001675913	98.94636536	0.000555782
718.5	0.003870361	0.001980618	98.86262512	0.00076491
718	0.00438526	0.002198152	98.68621826	0.00109891
717.5	0.00475294	0.00228995	98.60298157	0.001644707
717	0.00522693	0.002185168	98.51268005	0.002741346
716.5	0.005427018	0.002064878	98.42862701	0.004049432
716	0.005543493	0.00182068	98.40349579	0.005374751
715.5	0.005402519	0.00156811	98.39965057	0.00629502
715	0.0051518	0.001324996	98.47766876	0.006422293
714.5	0.004865592	0.001166134	98.57130432	0.005797861
714	0.004549898	0.001043789	98.72458649	0.004629414
713.5	0.004294399	0.000961643	98.90055084	0.003537676
713	0.004045349	0.000921765	98.9283905	0.0026344
712.5	0.003962204	0.000865596	98.8332901	0.002008382
712	0.00399185	0.000859355	98.33998871	0.001604489
711.5	0.00409902	0.000859961	97.36706543	0.001293882
711	0.004357287	0.000910395	95.42973328	0.001098041
710.5	0.004855439	0.000942293	92.37956238	0.000938737
710	0.005553768	0.001035075	87.83978271	0.000765074
709.5	0.006345514	0.001142947	81.65888977	0.00065816
709	0.007239856	0.001256296	74.00052643	0.000549565
708.5	0.008206803	0.001419487	64.83415985	0.000442709
708	0.008736555	0.001668422	54.93070602	0.000391496
707.5	0.008852417	0.001937638	44.80630493	0.000316703
707	0.008457358	0.002397573	35.43917084	0.000297438
706.5	0.007523589	0.002871511	27.28944778	0.000250604
706	0.006384224	0.003587739	20.50548363	0.000242813
705.5	0.005258063	0.004579594	15.23779488	0.000258443
705	0.004160917	0.005884509	11.2258091	0.000199002
704.5	0.003350541	0.007778993	8.150777817	0.000187299
704	0.002713526	0.010612102	5.991164684	0.000184197
703.5	0.002215213	0.014765028	4.405249596	0.00023678
703	0.001880044	0.020995902	3.286399603	0.000204891
702.5	0.001606273	0.030942664	2.477385759	0.000251649
702	0.001399861	0.046863824	1.882676005	0.000309571
701.5	0.001227972	0.073103264	1.444637299	0.000390414
701	0.001071533	0.121311866	1.115175486	0.000486597
700.5	0.000951026	0.206431657	0.871899724	0.000592109
700	0.000863913	0.369370371	0.687939525	0.000742555
699.5	0.000754298	0.69363755	0.5473153	0.000870331
699	0.000719377	1.363375187	0.438397437	0.000959374
698.5	0.000665917	2.82328248	0.352698922	0.001002062
698	0.000583121	5.901902199	0.282714605	0.000893745
697.5	0.000542402	11.68284607	0.228193641	0.000817181
697	0.000494496	20.91909599	0.183536485	0.000727082
696.5	0.000523423	33.07772446	0.148273602	0.000645852
696	0.000512603	46.88822174	0.119631514	0.00055663
695.5	0.000477007	60.21092606	0.096453011	0.00048254
695	0.00048811	71.59463501	0.077286236	0.000440084
694.5	0.000505497	80.58761597	0.061880726	0.000443493
694	0.000538984	86.66640472	0.049760338	0.000453074
693.5	0.000587653	90.68636322	0.040227018	0.000477822
693	0.000604422	92.94894409	0.031764466	0.000521631
692.5	0.00068296	93.77545166	0.025208501	0.000669011
692	0.000718227	93.83262634	0.020475151	0.000810116
691.5	0.000768261	94.0687561	0.016624724	0.001034791
691	0.000780191	94.25099182	0.013342267	0.001373997
690.5	0.00075652	94.57019043	0.011235234	0.001748828
690	0.000697112	95.17158508	0.008961337	0.00209941
689.5	0.000669926	96.36941528	0.007479373	0.002438212
689	0.000595618	97.20599365	0.006226931	0.00254476
688.5	0.000491375	97.94528198	0.005200621	0.002530471
688	0.000386162	98.1968689	0.004118537	0.002382163
687.5	0.000385323	98.39624023	0.003609636	0.002238336
687	0.000301443	98.25737762	0.003120953	0.002045399
686.5	0.000261851	98.13400269	0.002784992	0.001969623
686	0.000264344	98.0471344	0.002400137	0.001943949
685.5	0.000213453	98.08705902	0.001890255	0.001968163
685	0.000214603	98.43805695	0.001748032	0.002138453
684.5	0.000218552	98.69235992	0.001596746	0.002272118
684	0.000181373	98.86573029	0.001756954	0.002400553
683.5	0.000191311	98.91551971	0.001077311	0.002526101
683	0.000191055	98.8434906	0.001031894	0.002462134
682.5	0.000227498	98.69296265	0.001169405	0.00230718
682	0.000200841	98.43170929	0.000826687	0.002044919
681.5	0.000227353	98.25421143	0.000706312	0.00179102
681	0.000260037	98.1309967	0.000702653	0.001532889
680.5	0.000292522	98.11604309	0.000406777	0.00134658
680	0.000343606	98.32876587	0.000514314	0.001196641
679.5	0.000408018	98.52870941	0.000545197	0.001150506
679	0.000451621	98.77754211	0.000192051	0.001231335
678.5	0.000504593	99.05117798	0.000621982	0.001374042
678	0.0005621	99.16568756	0.000302044	0.001721162
677.5	0.000658766	99.16017151	0.000273616	0.002364577
677	0.000724065	99.15561676	0.000317172	0.003328176
676.5	0.000794497	98.97190857	0.000194229	0.004236038
676	0.000847862	98.78492737	0.000191759	0.004871358
675.5	0.000859244	98.66631317	0.000132191	0.004853264
675	0.000814908	98.48590851	0.00051116	0.004133217
674.5	0.000826337	98.48548889	1.93E-05	0.003085435
674	0.00072256	98.56912231	0.00018781	0.001975417
673.5	0.000686792	98.72053528	4.89E-06	0.00123115
673	0.000608863	98.9282608	1.57E-06	0.000756329
672.5	0.000549541	99.16703796	-3.33E-05	0.000523578
672	0.000458246	99.2611618	0.000134933	0.00038937
671.5	0.000385092	99.35044861	4.91E-05	0.000286038
671	0.000335706	99.18955231	0.000286597	0.000257209
670.5	0.000304655	99.19525909	-7.38E-05	0.000234549
670	0.000262108	99.10844421	-8.69E-05	0.000213269
669.5	0.000240387	98.97080231	-8.69E-05	0.000203003
669	0.000208756	98.91772461	-0.000217183	0.000192686
668.5	0.000169489	98.92189789	-6.19E-05	0.000189122
668	0.000178038	98.97027588	0.000216904	0.000190246
667.5	0.000181683	99.05355072	0.000308556	0.00022356
667	0.000170146	99.18028259	0.000188497	0.000232879
666.5	0.000149561	99.23897552	0.000172707	0.000278631
666	0.000165534	99.33301544	-3.72E-06	0.000285614
665.5	0.000141965	99.35787201	0.000172583	0.00031649
665	0.000119629	99.33358765	9.69E-05	0.000324459
664.5	0.000147652	99.23310089	0.000107178	0.000372561
664	8.02E-05	99.24347687	0.00013173	0.000405375
663.5	9.57E-05	99.18750763	0.000262126	0.000484091
663	0.000103556	99.11154175	4.86E-05	0.000603033
662.5	9.01E-05	99.1961441	1.12E-05	0.000714934
662	7.96E-05	99.31500244	0.000101168	0.000957003
661.5	7.25E-05	99.41127777	4.15E-05	0.001330533
661	5.93E-05	99.43536377	0.000304744	0.002016908
660.5	6.18E-05	99.36343384	3.95E-05	0.003005178
660	5.08E-05	99.37421417	-0.00012429	0.00429331
659.5	7.02E-05	99.4154129	3.27E-06	0.005449195
659	4.49E-05	99.37776947	2.70E-05	0.006101808
658.5	3.33E-05	99.44818878	9.74E-05	0.006051492
658	7.69E-05	99.33592987	0.000205586	0.005371331
657.5	1.89E-05	99.35131836	0.000156217	0.004298877
657	5.31E-05	99.28125	-6.40E-05	0.003327356
656.5	7.23E-05	99.27479553	-0.000144837	0.002664941
656	5.32E-05	99.46707153	9.38E-05	0.002265104
655.5	6.95E-05	99.34642029	0.000163169	0.002127063
655	8.53E-05	99.27058411	9.50E-05	0.002263329
654.5	0.000107806	99.3423233	5.22E-05	0.00266539
654	0.000106329	99.11897278	0.000136463	0.003271723
653.5	0.000120228	98.92384338	-2.90E-05	0.003952428
653	0.000150638	98.80845642	-0.000308172	0.004506676
652.5	0.00015806	98.54576874	-7.29E-05	0.004595707
652	0.000161166	98.54759216	-0.000160237	0.004324595
651.5	0.000182901	98.52612305	0.00026124	0.003601343
651	0.000194683	98.50894165	4.74E-05	0.002762161
650.5	0.000226282	98.57051086	3.36E-05	0.002011114
650	0.000261386	98.76953125	-4.45E-05	0.001509573
649.5	0.000282277	98.93414307	0.000163567	0.001102716
649	0.000306164	99.22522736	9.57E-05	0.000924453
648.5	0.00036911	99.30095673	-1.01E-05	0.000815665
648	0.000437354	99.10955048	-6.85E-05	0.000793088
647.5	0.000509273	98.98672485	0.000102571	0.000804789
647	0.00061313	98.96495056	0.000101143	0.000884456
646.5	0.000764347	98.86855316	-2.01E-05	0.001058349
646	0.000940025	98.75405121	1.15E-05	0.001302816
645.5	0.001181196	98.72098541	-5.63E-05	0.001697885
645	0.001492855	98.66770172	0.000107014	0.002213481
644.5	0.001820002	98.76100922	0.000136107	0.002781029
644	0.002161218	98.75370026	0.000213385	0.003209297
643.5	0.002459682	98.87595367	1.03E-05	0.003412048
643	0.002654819	98.94165039	-7.39E-05	0.003336229
642.5	0.0027725	98.94211578	4.33E-05	0.003056421
642	0.002731889	98.98584747	0.000190714	0.002682762
641.5	0.002660628	99.05775452	0.00021853	0.002332862
641	0.002505484	98.9728775	0.000132367	0.002106145
640.5	0.002321782	98.89115143	0.000228765	0.002043198
640	0.002145831	98.83009338	-2.26E-05	0.002161142
639.5	0.001995552	98.79762268	-0.000134321	0.002351612
639	0.001836686	98.77798462	9.22E-05	0.002668971
638.5	0.001730364	98.85861206	0.000186238	0.003070486
638	0.001581593	98.90795898	0.000147247	0.003427066
637.5	0.001481669	98.98445892	0.000133226	0.00358352
637	0.001388651	99.10819244	0.000212525	0.003511698
636.5	0.001324035	99.152565	-4.32E-05	0.003259711
636	0.001321163	99.15743256	6.82E-05	0.002900522
635.5	0.001315166	99.10974121	0.000144503	0.002558772
635	0.001359932	99.00187683	0.0002957	0.002318024
634.5	0.001444166	98.99936676	0.000214688	0.002141752
634	0.001575141	98.86502838	2.32E-05	0.002135993
633.5	0.001746828	98.77360535	-7.39E-06	0.002203968
633	0.001989734	98.72132874	0.00013668	0.002308795
632.5	0.002272031	98.61091614	0.000137315	0.002278259
632	0.002643391	98.63050079	0.000114025	0.002162671
631.5	0.003092092	98.66429901	0.000168089	0.001872333
631	0.00350156	98.80609894	-2.33E-05	0.001507457
630.5	0.003969048	98.89092255	0.000190492	0.001125101
630	0.004435898	98.96737671	-0.000267684	0.000796237
629.5	0.004871773	99.03968048	-6.82E-05	0.000569059
629	0.005318722	99.09008789	-3.95E-05	0.000408893
628.5	0.00572799	99.10587311	0.000125094	0.000324539
628	0.005936238	99.17450714	0.00030413	0.000250319
627.5	0.005966218	99.16181946	0.000114597	0.000215026
627	0.005646425	99.22774506	-0.000119193	0.000170757
626.5	0.005180213	99.29969788	-4.40E-05	0.000136583
626	0.004415645	99.21089172	0.000289327	0.000151775
625.5	0.003598381	99.146492	0.000127518	0.000119031
625	0.002818494	99.08197784	0.000230171	0.000139771
624.5	0.002167797	99.01263428	0.000150053	0.000160074
624	0.001723725	98.87206268	7.37E-06	0.000167944
623.5	0.001367703	98.8286972	6.89E-05	0.000186416
623	0.001122064	98.78236389	1.10E-05	0.00019889
622.5	0.0009881	98.75958252	-7.19E-05	0.000261946
622	0.000871456	98.7748642	0.000171589	0.00031407
621.5	0.000854023	98.87470245	9.14E-05	0.000461177
621	0.000837978	98.96448517	7.89E-05	0.000741466
620.5	0.000859698	99.00495911	2.26E-05	0.00130686
620	0.000933145	99.04385376	-6.47E-05	0.002237119
619.5	0.001089886	99.10903168	-8.96E-05	0.003279904
619	0.001210927	99.01475525	0.00016936	0.004006652
618.5	0.001445384	98.92630005	-5.33E-05	0.004190957
618	0.001690982	98.83059692	7.24E-05	0.003597289
617.5	0.001940091	98.74050903	0.000170563	0.002644489
617	0.00210562	98.626297	1.24E-06	0.001665289
616.5	0.002206841	98.64324188	2.05E-05	0.000923939
616	0.002156508	98.61656189	1.38E-05	0.000527778
615.5	0.002041151	98.66941833	0.000191166	0.000376222
615	0.001867605	98.71027374	0.000151497	0.000293734
614.5	0.001679137	98.83565521	7.18E-05	0.000243934
614	0.001546582	98.87371826	5.64E-05	0.000206292
613.5	0.001396808	98.88961792	-2.70E-05	0.000217947
613	0.001351767	98.90873718	5.35E-05	0.000220513
612.5	0.001324802	98.84030151	0.00016197	0.000234445
612	0.001389763	98.81654358	2.24E-05	0.000294104
611.5	0.00148302	98.79278564	0.000189171	0.000361679
611	0.001609375	98.79933929	-1.20E-05	0.000458149
610.5	0.001786657	98.84529114	-1.91E-05	0.000621054
610	0.002041014	98.95127106	-1.59E-05	0.000799129
609.5	0.002367589	99.01106262	9.75E-05	0.00101942
609	0.002767209	99.05465698	0.000169175	0.001227426
608.5	0.003153701	99.0297699	-5.07E-05	0.001318586
608	0.003505536	98.96523285	5.65E-05	0.001288981
607.5	0.0038238	98.92868042	8.00E-05	0.001182035
607	0.004055981	98.83726501	0.000155073	0.000969855
606.5	0.004106923	98.83503723	7.15E-05	0.000811287
606	0.004096822	98.7631073	8.48E-05	0.000664573
605.5	0.003915972	98.67010498	0.000153998	0.000573048
605	0.003719155	98.79626465	0.000213097	0.000465837
604.5	0.003434171	98.83673859	6.48E-05	0.000412802
604	0.003145155	98.93267822	-0.00010341	0.000351835
603.5	0.002913886	98.92958832	-8.22E-05	0.000293326
603	0.002727683	98.93386078	4.62E-05	0.00025098
602.5	0.002645283	98.82463837	0.000224982	0.000250622
602	0.002606573	98.7452774	0.000206173	0.000259706
601.5	0.002688259	98.69958496	0.000183673	0.000282731
601	0.002891446	98.70367432	3.05E-05	0.000340109
600.5	0.003235798	98.73355865	-2.25E-06	0.000459718
600	0.003835864	98.75213623	0.000104909	0.000671342
599.5	0.004688333	98.83155823	4.81E-05	0.000944543
599	0.005759145	98.88664246	0.000130814	0.0011333
598.5	0.006814373	98.84780121	7.48E-05	0.001175088
598	0.007893763	98.74595642	-1.28E-05	0.001004165
597.5	0.008665433	98.64297485	0.000213932	0.000741439
597	0.008951694	98.34889221	0.000143003	0.000448851
596.5	0.008770916	98.24430847	-1.46E-05	0.000240101
596	0.008320162	98.14011383	0.000110471	0.00012692
595.5	0.007716777	98.14398956	0.000101595	8.43E-05
595	0.007254496	98.2103653	0.000134475	9.34E-05
594.5	0.006944624	98.42215729	0.000148474	5.68E-05
594	0.006835317	98.5861969	-8.19E-05	5.42E-05
593.5	0.006840813	98.90274048	-9.07E-05	3.57E-05
593	0.006709581	99.0019989	8.91E-05	2.53E-05
592.5	0.006484121	99.06906891	-5.74E-05	4.27E-05
592	0.005971841	99.07621002	0.000130852	1.88E-05
591.5	0.005254335	99.01216888	-5.23E-05	5.37E-05
591	0.004401807	98.87294769	-2.00E-06	3.45E-05
590.5	0.003706805	98.8841629	-8.32E-08	5.67E-05
590	0.002989308	98.91942596	-8.93E-06	6.15E-05
589.5	0.002491722	98.98873901	6.27E-05	5.14E-05
589	0.002141938	99.05240631	0.000154279	9.50E-05
588.5	0.001883706	99.14966583	0.000205247	0.000116757
588	0.001783328	99.10658264	4.32E-05	0.000119183
587.5	0.001730525	99.09233093	-0.000108059	0.000154197
587	0.001690083	99.03593445	0.000113875	0.000140845
586.5	0.001773575	99.03913116	7.97E-05	0.000184528
586	0.001809403	98.97869873	0.000283481	0.000182873
585.5	0.001845182	98.97674561	7.85E-06	0.000203154
585	0.001901171	99.0842514	6.61E-05	0.000251582
584.5	0.001850638	99.10770416	4.21E-05	0.000293248
584	0.001792666	99.07432556	5.51E-05	0.000349392
583.5	0.001698771	98.97974396	0.000165784	0.000531242
583	0.00159908	98.88989258	0.000398883	0.00076117
582.5	0.001422721	98.65908051	-1.06E-05	0.001082977
582	0.001376992	98.44882202	0.000173916	0.001522432
581.5	0.001314342	98.34069061	0.000157278	0.002015074
581	0.00130188	98.36854553	0.00019998	0.002424573
580.5	0.001340859	98.50243378	0.000113981	0.002824676
580	0.001370306	98.64067078	8.03E-05	0.003089576
579.5	0.0015313	98.83691406	0.000132143	0.003347975
579	0.001697811	99.04982758	0.000137918	0.003587086
578.5	0.001961763	99.25489807	0.000308853	0.003944016
578	0.002283064	99.21247864	3.03E-05	0.004339665
577.5	0.002633383	99.06602478	-0.000134467	0.004748491
577	0.003081296	98.94696045	0.000468321	0.00521629
576.5	0.003453845	98.84326935	-1.53E-05	0.005541831
576	0.003765214	98.79170227	7.56E-05	0.005821168
575.5	0.003919411	98.72849274	0.000118299	0.006071885
575	0.003955379	98.59397125	0.00035188	0.006132502
574.5	0.003854237	98.46405792	-3.74E-05	0.006009791
574	0.003680935	98.46631622	0.000264453	0.005768599
573.5	0.003358111	98.52433014	-4.87E-05	0.005293918
573	0.003009515	98.51886749	0.000549842	0.004690477
572.5	0.002670321	98.55685425	-6.03E-05	0.004106604
572	0.00232305	98.48291016	1.61E-05	0.003688843
571.5	0.002045583	98.25233459	-8.86E-05	0.003463257
571	0.001782739	97.83532715	-5.23E-05	0.00346416
570.5	0.00155927	97.25765228	0.000121273	0.003724569
570	0.001377033	96.82794189	-0.000143938	0.004104398
569.5	0.001298501	96.9043045	0.000195327	0.004491471
569	0.001208441	97.07008362	6.86E-05	0.004628857
568.5	0.00118006	97.44893646	-0.000115968	0.004483292
568	0.001191816	97.84443665	0.000223327	0.003900703
567.5	0.001182679	98.25772095	-5.55E-05	0.003279872
567	0.001219281	98.23826599	1.35E-05	0.002598832
566.5	0.001342073	97.8330307	0.00032655	0.002177804
566	0.001436485	96.63765717	0.000381102	0.001981715
565.5	0.001591119	94.07671356	0.00022435	0.002114783
565	0.001712395	88.76961517	9.49E-05	0.002304775
564.5	0.001905935	79.40528107	3.45E-05	0.002500549
564	0.00212462	65.17021942	4.45E-05	0.002545932
563.5	0.002292365	48.06127167	6.86E-05	0.002321953
563	0.002490917	30.66007233	0.000242137	0.001945967
562.5	0.002687248	16.85913086	0.000168459	0.001392034
562	0.002928974	7.674960136	-4.81E-05	0.000978295
561.5	0.003163091	2.825781107	-8.49E-05	0.000613905
561	0.003427247	0.962409496	-4.01E-06	0.000421141
560.5	0.003799967	0.336833149	0.000307295	0.000304254
560	0.004330258	0.132586718	9.06E-05	0.000250483
559.5	0.005081967	0.057713419	5.79E-05	0.000263966
559	0.006248908	0.027197646	5.33E-05	0.000296499
558.5	0.007835168	0.013968902	0.000147784	0.000345237
558	0.010239139	0.007816216	1.44E-05	0.000411414
557.5	0.014291173	0.004710494	6.42E-05	0.000621269
557	0.020843918	0.003000449	-0.000121816	0.001103118
556.5	0.032442495	0.002066551	6.04E-05	0.002009952
556	0.053783506	0.00156142	0.00011443	0.003394965
555.5	0.094183721	0.001245629	0.000164383	0.005019359
555	0.178757712	0.001043301	0.000122802	0.006439528
554.5	0.366983324	0.000924786	-6.65E-05	0.007336258
554	0.835108638	0.000875721	0.000311396	0.007364516
553.5	1.990403414	0.000900434	6.97E-05	0.006847954
553	4.660058975	0.001007311	4.94E-06	0.006132093
552.5	10.06549263	0.001242193	0.000417833	0.005645421
552	18.64272308	0.001512393	2.99E-05	0.00532425
551.5	31.59847641	0.001730774	0.000108736	0.005034463
551	47.22642899	0.001857864	1.68E-05	0.004770701
550.5	62.81823349	0.001719868	-4.87E-05	0.004355196
550	76.15869904	0.001400122	0.000155574	0.003934243
549.5	85.39704895	0.00102978	0.000382517	0.003481974
549	90.60102081	0.000700817	-0.000253177	0.00310048
548.5	92.7465744	0.000427235	-9.97E-05	0.002741165
548	93.57484436	0.000301587	-5.71E-05	0.002441257
547.5	93.99731445	0.000239452	-5.56E-05	0.002173918
547	94.52172852	0.000181885	6.59E-05	0.00196141
546.5	94.96984863	0.000184131	0.000258968	0.001777318
546	94.86917877	0.000181275	-2.75E-05	0.001626809
545.5	94.4826889	0.00016831	2.15E-05	0.001592379
545	94.03181458	0.000179497	7.50E-05	0.001543477
544.5	93.58172607	0.000164783	7.44E-05	0.001595189
544	93.88783264	0.000173359	0.000102279	0.001744716
543.5	94.85958099	0.000200449	8.37E-05	0.00208779
543	95.91012573	0.000255055	0.000233028	0.002434063
542.5	96.9339447	0.000318047	0.000244865	0.002909612
542	97.79227448	0.000464914	-1.97E-05	0.00333692
541.5	97.95817566	0.000675118	1.54E-05	0.003597519
541	97.90743256	0.000935585	0.00014999	0.003626968
540.5	97.76112366	0.001130672	7.03E-05	0.003361809
540	97.71276093	0.001197393	-9.62E-05	0.002928582
539.5	97.81427002	0.001129916	0.000138994	0.002333848
539	98.09142303	0.000902637	3.35E-05	0.001801305
538.5	98.3919754	0.000708205	-3.77E-05	0.001465492
538	98.59281921	0.000514173	0.000213442	0.001237031
537.5	98.72119141	0.000461262	7.19E-05	0.001247139
537	98.82621002	0.000416872	0.000167004	0.001548519
536.5	98.83428192	0.000437291	0.000264358	0.002156929
536	98.73156738	0.000465991	0.00022952	0.002923846
535.5	98.56293488	0.000561397	0.000105106	0.003578599
535	98.55310059	0.000727787	0.000241961	0.003811141
534.5	98.34644318	0.001115409	0.00030254	0.0034259
534	98.32605743	0.0020163	0.000320402	0.002650784
533.5	98.37654877	0.003897025	0.000190429	0.001815764
533	98.47466278	0.006756146	2.40E-05	0.001100096
532.5	98.64490509	0.010180332	4.29E-05	0.000689757
532	98.74515533	0.013275393	0.000176872	0.00055078
531.5	98.75326538	0.015212297	9.63E-05	0.000551972
531	98.51470947	0.015319729	0.000254571	0.000668766
530.5	98.30750275	0.014092386	0.000140392	0.000900944
530	97.98305511	0.012077462	0.00021903	0.001120102
529.5	97.74771118	0.010035831	0.000135151	0.001225083
529	97.75660706	0.008037911	0.000244447	0.001200815
528.5	97.97761536	0.006199293	1.76E-05	0.001021743
528	98.23698425	0.004531835	0.000197844	0.000763571
527.5	98.55171204	0.003206268	0.000215141	0.000502084
527	98.67227936	0.002377767	-2.47E-05	0.000311459
526.5	98.66429138	0.001899944	-2.35E-05	0.000212075
526	98.44487	0.001769989	5.09E-05	0.00014657
525.5	98.10863495	0.002005307	0.000169785	0.000162078
525	97.87742615	0.002503308	9.04E-05	0.000120952
524.5	97.80856323	0.003176008	0.000249867	0.000141623
524	97.96564484	0.0036961	0.000171731	0.000178685
523.5	98.15270996	0.003830455	0.000167111	0.000286144
523	98.37804413	0.003461773	8.63E-05	0.00069079
522.5	98.52046967	0.002716091	0.000134331	0.001419561
522	98.59654999	0.001931245	1.37E-05	0.002295537
521.5	98.56730652	0.00126127	0.000184723	0.003069544
521	98.45387268	0.000882915	0.000173183	0.003326448
520.5	98.36611176	0.000699974	0.000201252	0.002806261
520	98.46460724	0.000655222	6.49E-05	0.002038883
519.5	98.53084564	0.000678161	-5.80E-06	0.001214637
519	98.72096252	0.000766475	0.000103627	0.000564554
518.5	98.80455017	0.000930578	-0.000104429	0.000282379
518	98.91320801	0.0012342	0.00012412	0.000202246
517.5	99.1309433	0.001686474	0.000176907	0.000130506
517	99.15208435	0.002320029	0.000229342	0.000156245
516.5	99.1259613	0.003065013	5.63E-05	0.000144924
516	99.27135468	0.003758374	8.16E-05	0.000116509
515.5	99.20323181	0.00424123	0.000286531	0.000108555
515	99.10140991	0.004418421	0.000310903	0.000151974
514.5	99.12944794	0.004179456	0.000271559	0.000273792
514	99.0776825	0.003634803	8.70E-05	0.000392772
513.5	99.04306793	0.002911625	0.00015817	0.000537975
513	99.06822205	0.002301051	0.000195826	0.000644902
512.5	99.10233307	0.001712058	0.000281042	0.00063905
512	99.08627319	0.001297842	5.98E-05	0.00056934
511.5	99.13209534	0.001029626	0.000420304	0.000542105
511	99.11173248	0.000841798	0.000402238	0.000540683
510.5	99.1568985	0.000745435	0.000262998	0.000617413
510	99.02451324	0.000688288	0.000265448	0.000661397
509.5	99.00795746	0.00067043	0.000197114	0.000627863
509	98.95571899	0.00069228	0.000329865	0.000476631
508.5	98.94998932	0.000821099	0.000186449	0.000303557
508	98.96974182	0.001009181	0.000225352	0.000143486
507.5	99.012146	0.001280773	0.000174059	7.09E-05
507	98.97800446	0.001516321	0.000180015	2.15E-05
506.5	98.82675171	0.001698373	0.000208734	9.19E-06
506	98.80189514	0.00169303	-7.02E-05	1.36E-05
505.5	98.65388489	0.001588214	-2.96E-05	-2.23E-06
505	98.7414856	0.001438267	0.000296995	4.50E-06
504.5	98.6472702	0.0012843	0.000108593	1.23E-05
504	98.79652405	0.001253226	9.34E-05	-4.23E-06
503.5	98.65148926	0.001393554	-0.000175576	3.01E-05
503	98.80285645	0.001623914	0.000124518	1.64E-05
502.5	98.87240601	0.002038116	0.000130767	1.06E-05
502	98.80149078	0.002636035	6.10E-05	4.28E-06
501.5	98.42475891	0.003226973	4.07E-05	2.64E-05
501	98.56503296	0.003721369	0.00011614	6.24E-05
500.5	98.59672546	0.003865866	-5.27E-05	0.000102551
500	98.50228882	0.003698947	-9.30E-05	0.000158777
499.5	98.49957275	0.003203334	4.47E-05	0.000247448
499	98.65821838	0.002461002	0.0001935	0.000361291
498.5	98.71456909	0.001747748	0.0001744	0.00046197
498	98.67514038	0.001213157	0.00019852	0.000524845
497.5	98.72569275	0.000868337	-0.000140401	0.000551739
497	98.69741058	0.000696434	-0.000210727	0.000552794
496.5	98.60016632	0.000613936	0.000231959	0.000500976
496	98.63282776	0.000628014	-3.05E-06	0.000515631
495.5	98.63108063	0.000622289	5.30E-05	0.000531875
495	98.5408783	0.000595756	0.000131681	0.000583643
494.5	98.57608795	0.000533489	0.000205083	0.000658696
494	98.64070892	0.000476684	0.00016639	0.000750473
493.5	98.52773285	0.000384536	7.77E-05	0.000783424
493	98.68599701	0.000373032	-1.07E-05	0.000775136
492.5	98.80400085	0.000345207	6.06E-05	0.000711221
492	98.6403656	0.000479219	4.73E-05	0.00059921
491.5	98.83843994	0.000653878	0.000156346	0.000442611
491	98.84353638	0.000828086	0.000177361	0.000328371
490.5	98.8339386	0.000945757	8.34E-05	0.000237572
490	98.88337708	0.000888329	-9.46E-05	0.000202722
489.5	98.9640274	0.00071031	0.000167263	0.000280057
489	99.04211426	0.000510296	0.000283204	0.000394383
488.5	99.06760406	0.000302834	0.000231162	0.000504131
488	99.21977234	0.000224455	0.000392804	0.000537226
487.5	99.20404816	0.000207666	0.000192332	0.000509679
487	99.27074432	0.000175684	0.000219037	0.000364626
486.5	99.25424957	0.000192978	-3.85E-05	0.000229676
486	99.21337128	0.000227752	8.68E-05	9.39E-05
485.5	99.20456696	0.000251849	0.000477264	4.77E-05
485	99.02871704	0.000305474	0.000565532	3.65E-05
484.5	99.01909637	0.000340402	0.000640175	6.15E-05
484	99.07791901	0.000366074	0.000248074	0.000156997
483.5	98.91455841	0.00031093	-1.87E-05	0.000233584
483	98.88519287	0.000251752	0.000589717	0.000315016
482.5	98.87709045	0.000205124	0.000322992	0.000341955
482	98.81574249	0.000152607	0.00033684	0.000279044
481.5	98.80993652	0.000186819	0.00031378	0.000247578
481	98.81781006	0.00017347	8.94E-05	0.000149289
480.5	98.87915039	0.000181143	0.000126183	6.43E-05
480	98.81088257	0.000185037	5.73E-05	3.02E-05
479.5	98.90036774	0.000207186	-8.84E-05	2.16E-05
479	98.89176941	0.000376289	6.42E-05	2.91E-06
478.5	98.75710297	0.000527632	-5.02E-05	5.41E-05
478	99.07134247	0.000694443	0.000169809	5.27E-05
477.5	98.89824677	0.00078732	-2.30E-05	6.52E-05
477	98.91229248	0.000723168	-6.75E-05	0.000109669
476.5	98.96617889	0.000556641	4.84E-05	0.000116626
476	98.8809433	0.000379909	0.000119826	0.000155224
475.5	98.94901276	0.000266107	0.000153415	0.000292479
475	98.98989105	0.0002471	0.000350692	0.00054308
474.5	99.06280518	0.00027004	-0.000137105	0.000816291
474	99.01783752	0.000325356	-0.000106498	0.001161798
473.5	99.06347656	0.000355732	-3.82E-06	0.001323033
473	98.99707031	0.000391448	-2.88E-05	0.001382575
472.5	98.94335175	0.000379933	7.74E-05	0.001262588
472	99.07459259	0.000329654	9.94E-05	0.001099241
471.5	98.97509003	0.000301106	-1.56E-05	0.001013992
471	99.11772919	0.000249513	0.000184064	0.000973597
470.5	99.14997864	0.000231371	0.000254423	0.000963485
470	99.14334106	0.00023726	0.000320704	0.000945115
469.5	98.96936035	0.000234033	0.000365502	0.000771164
469	98.99671173	0.000251379	0.000546631	0.000560888
468.5	98.95620728	0.000286682	0.000755092	0.000417127
468	98.8926239	0.000249135	0.000935763	0.000231913
467.5	98.82840729	0.000253786	0.000751257	0.000153932
467	98.82654572	0.00021878	0.000393948	9.17E-05
466.5	98.78016663	0.000226715	0.000325127	0.000158648
466	98.67003632	0.000210239	6.65E-05	0.000327639
465.5	98.61358643	0.000259007	0.000313516	0.000593362
465	98.6778183	0.000290045	-5.57E-05	0.000806572
464.5	98.5514679	0.000324298	5.79E-05	0.000928781
464	98.72998047	0.000360136	-2.15E-05	0.000740722
463.5	98.74227905	0.000327089	2.85E-05	0.000502795
463	98.794487	0.000281248	8.13E-06	0.000262717
462.5	98.76126862	0.000229487	0.000190069	7.22E-05
462	98.70874786	0.000177681	0.000204187	3.82E-05
461.5	98.64488983	0.000182697	-9.94E-05	1.78E-05
461	98.53364563	0.000161216	6.58E-05	-3.95E-06
460.5	98.66702271	0.000159764	1.80E-05	-1.04E-06
460	98.70147705	0.000174683	1.62E-05	4.08E-05
459.5	98.76701355	0.000157116	0.000430288	7.93E-05
459	98.88359833	0.000203531	0.000349447	0.000199728
458.5	98.84027863	0.000181128	0.000174286	0.000340956
458	98.80792999	0.000220064	0.000252588	0.000558353
457.5	98.8983078	0.000221859	-0.000168268	0.000793002
457	98.90718842	0.000182823	-3.24E-05	0.001299011
456.5	99.04090881	0.000192818	-5.76E-08	0.002422802
456	99.01576233	0.000193665	0.000193752	0.003737055
455.5	99.02314758	0.000197671	-0.000147785	0.00496118
455	98.91248322	0.000194825	-0.000147747	0.005472204
454.5	99.03011322	0.000212534	5.03E-05	0.004949814
454	99.08493042	0.000201164	2.17E-05	0.003615169
453.5	99.04906464	0.000160392	-1.80E-05	0.002104737
453	99.16915894	0.000178761	0.0002037	0.000915932
452.5	99.10783386	0.000183995	8.05E-05	0.000267801
452	99.06877136	0.000183465	0.000160017	8.59E-05
451.5	99.04132843	0.000191454	0.000222408	6.74E-05
451	98.87132263	0.000204109	4.49E-05	4.95E-05
450.5	98.93647766	0.00022291	0.000169806	6.83E-05
450	98.8026123	0.000209832	5.63E-05	0.000103444
449.5	98.72225189	0.000218319	0.000330866	0.000331984
449	98.79637146	0.000224211	0.000267575	0.000603159
448.5	98.84622192	0.00019176	-5.18E-05	0.000890062
448	98.9161377	0.000177055	-4.82E-05	0.001076872
447.5	98.94369507	0.000196167	0.00019766	0.000940599
447	98.8913269	0.000189804	5.64E-05	0.000697672
446.5	98.87870789	0.000201215	0.000136062	0.000443876
446	98.80143738	0.000215743	0.0003016	0.000225911
445.5	98.78633118	0.000199302	0.000272635	0.00016521
445	98.80545807	0.00022641	0.000214901	0.000179564
444.5	98.70288086	0.000190027	4.08E-05	0.000235841
444	98.68875122	0.000271634	0.000331252	0.000293383
443.5	98.64627075	0.000299787	0.000583031	0.00030602
443	98.60155487	0.000363534	0.001158415	0.000340845
442.5	98.65026093	0.00043394	0.000783424	0.000351713
442	98.66468811	0.000447208	0.00089056	0.00029308
441.5	98.62353516	0.000393878	0.000691487	0.000181567
441	98.72039795	0.000339133	0.000497969	0.000125126
440.5	98.74441528	0.00031506	0.000323234	0.000133691
440	98.76966095	0.000320155	0.000224132	0.000128893
439.5	98.80754089	0.000384241	0.000209266	0.000144716
439	98.76428223	0.000377502	0.000176111	0.000201811
438.5	98.78198242	0.000397158	-6.29E-05	0.000271486
438	98.61956787	0.000342418	-3.12E-05	0.000389578
437.5	98.63523865	0.000298937	1.95E-05	0.000536164
437	98.62915039	0.000327265	-2.74E-05	0.000700288
436.5	98.66283417	0.000688997	0.000159093	0.000848468
436	98.42940521	0.001138324	0.00023493	0.00072306
435.5	98.63354492	0.001726567	0.000110864	0.000635174
435	98.41547394	0.002087844	4.81E-05	0.000418668
434.5	98.69651031	0.002019122	0.000130579	0.000303651
434	98.66338348	0.001601744	7.25E-05	0.000385857
433.5	98.80264282	0.001387352	0.000196654	0.000528777
433	98.7815094	0.001147847	0.000231593	0.000653154
432.5	98.63424683	0.00112422	0.000514593	0.00071463
432	98.76244354	0.00118276	0.000315107	0.000665714
431.5	98.63238525	0.001065004	0.000205275	0.00065438
431	98.55312347	0.000797206	0.000632785	0.000558341
430.5	98.49651337	0.000591261	0.000357461	0.000586084
430	98.43614197	0.00036584	0.00024346	0.000509234
429.5	98.50301361	0.00031281	0.000345654	0.000408525
429	98.59601593	0.000397837	0.000279684	0.000349655
428.5	98.70159149	0.000402949	0.000116699	0.000354563
428	98.70298767	0.000402305	0.000126106	0.0004544
427.5	98.7868576	0.000427327	0.00012355	0.000682122
427	98.83568573	0.000404547	0.000410045	0.000851942
426.5	98.71055603	0.0003629	-6.87E-06	0.000799023
426	98.82553864	0.000300426	4.69E-06	0.000676297
425.5	98.84920502	0.000273863	4.33E-05	0.000485021
425	98.79045105	0.000235272	-5.04E-05	0.000406005
424.5	98.78633118	0.000311031	0.000104635	0.000393799
424	98.80151367	0.000362308	-5.32E-05	0.000471874
423.5	98.79255676	0.00035835	3.87E-05	0.000510292
423	98.85696411	0.00036468	0.000342449	0.000536155
422.5	98.7816391	0.000300443	-9.83E-06	0.0004237
422	98.79664612	0.00027964	-4.63E-05	0.000230942
421.5	98.83879852	0.000238876	-0.000123718	0.000131791
421	98.85451508	0.000258025	0.000214241	7.19E-05
420.5	98.82015228	0.000268001	0.000240463	0.000204165
420	98.77938843	0.000290634	9.62E-05	0.000425388
419.5	98.77696991	0.000314853	0.000102737	0.000660383
419	98.73386383	0.000284825	0.000353928	0.00084452
418.5	98.81932831	0.000274427	-0.000201967	0.000826403
418	98.85391235	0.000249239	0.000199541	0.000903663
417.5	98.7347641	0.000270069	0.000175047	0.000996816
417	98.68831635	0.000271402	0.00035515	0.001095157
416.5	98.5006485	0.000330954	0.000148835	0.001197169
416	98.35732269	0.000340452	0.000138023	0.000976417
415.5	98.25765228	0.000328715	1.54E-05	0.00068537
415	98.22689056	0.000303253	0.000128106	0.000368933
414.5	98.29029846	0.000302644	-0.000154094	0.00014554
414	98.25057983	0.000307631	-8.84E-07	8.83E-05
413.5	98.18108368	0.000243868	0.000163515	8.57E-05
413	98.20317841	0.000249449	3.58E-05	0.0001061
412.5	98.19821167	0.000227522	0.00019571	8.82E-05
412	98.21609497	0.000265946	0.000109268	0.000144728
411.5	98.41233826	0.00029637	0.000287076	0.00014346
411	98.48925781	0.000273536	0.000194742	5.37E-05
410.5	98.5083847	0.000295608	-6.53E-06	5.23E-05
410	98.56893158	0.000286587	5.86E-05	3.27E-05
409.5	98.44252014	0.000315897	5.89E-06	2.27E-05
409	98.28014374	0.000246659	4.75E-05	-2.54E-05
408.5	98.0745163	0.000295619	0.000227232	3.44E-05
408	97.77915192	0.000275151	0.00056665	2.27E-06
407.5	97.6526413	0.000296739	0.000117698	4.41E-05
407	97.56892395	0.000279309	-0.000139277	2.99E-05
406.5	97.36641693	0.000250342	0.000173778	4.66E-05
406	97.22652435	0.000278091	0.000180626	6.48E-05
405.5	97.04804993	0.00031766	-0.000148134	2.30E-05
405	95.88300323	0.000297066	-3.98E-05	1.53E-05
404.5	92.0260849	0.000295689	-2.72E-06	3.41E-05
404	84.28420258	0.000294487	0.000473047	-1.60E-05
403.5	72.69434357	0.00033971	0.000125608	1.22E-05
403	57.763134	0.000326267	-0.000143211	6.28E-05
402.5	42.01857758	0.00030985	-1.91E-05	8.56E-05
402	28.24215889	0.000317288	9.52E-05	9.64E-05
401.5	17.06245041	0.000327986	3.99E-05	0.000102977
401	9.561915398	0.000319154	1.00E-05	0.000104224
400.5	5.14604044	0.000263831	0.000217738	5.43E-05
400	2.494735241	0.000329264	0.000281692	0.000117124
399.5	1.232035756	0.000302325	-0.000145179	9.13E-05
399	0.790482402	0.000282927	9.67E-06	8.81E-05
398.5	0.521705926	0.000297998	0.000394577	0.000127014
398	0.333631843	0.000315129	8.58E-05	9.39E-05
397.5	0.18474178	0.000262855	0.000149115	8.06E-05
397	0.098591708	0.000294233	9.98E-05	3.99E-05
396.5	0.0829418	0.000296487	0.000166456	2.41E-05
396	0.06337101	0.000324194	0.000151535	4.65E-05
395.5	0.042700529	0.000331121	0.000298822	6.74E-05
395	0.022786044	0.000311051	-9.24E-05	7.43E-05
394.5	0.006201472	0.000312205	8.40E-05	0.000123785
394	0.00337842	0.000322852	0.000133827	0.000207047
393.5	0.003621754	0.000319406	0.000180461	0.000211174
393	0.003642195	0.000283215	-6.51E-05	0.000189712
392.5	0.003039932	0.000320401	7.22E-05	0.000179538
392	0.002374838	0.000317026	0.000344249	0.000148245
391.5	0.001790685	0.00027407	0.000186784	0.000149618
391	0.001192074	0.000295572	-0.000112724	0.000236136
390.5	0.001068461	0.000339282	0.000175618	0.000268535
390	0.000862423	0.000323989	5.23E-05	0.000214149
389.5	0.000623838	0.000342627	-0.00015946	0.00019343
389	0.000520601	0.000278142	-6.57E-05	0.000110654
388.5	0.00056306	0.00032706	0.000278516	0.000144281
388	0.000607643	0.000344303	0.000181495	0.000159543
387.5	0.000603542	0.000372211	0.000287205	0.000168723
387	0.000634343	0.00036483	-4.02E-05	0.00015766
386.5	0.000583004	0.000394665	5.15E-05	7.11E-05
386	0.000574982	0.000490948	-8.91E-05	9.83E-05
385.5	0.000546831	0.000695716	0.000172698	8.24E-05
385	0.0005165	0.000767241	-3.40E-05	0.000112475
384.5	0.00052205	0.000876599	3.64E-05	8.95E-05
384	0.000560332	0.000838244	0.00017911	9.53E-05
383.5	0.00056911	0.000724968	0.000108688	9.22E-05
383	0.00056686	0.000588244	4.73E-05	7.34E-05
382.5	0.000535448	0.000468928	-0.000307249	-3.05E-06
382	0.000539111	0.000355066	0.000159595	1.28E-05
381.5	0.000525229	0.000359534	0.000250031	4.25E-06
381	0.000545547	0.000354882	0.000136721	4.98E-06
380.5	0.000519959	0.000332195	4.87E-05	1.40E-05
380	0.000574105	0.000378389	0.000287635	2.10E-05
379.5	0.000539822	0.000336715	0.000180944	1.33E-05
379	0.000557941	0.000357077	0.000173506	1.42E-05
378.5	0.000581084	0.000380539	8.37E-05	3.45E-06
378	0.000549973	0.00039598	8.89E-05	-3.20E-05
377.5	0.000582164	0.000467232	-0.000149699	-7.46E-06
377	0.000521804	0.000498933	-3.24E-05	3.72E-06
376.5	0.000500508	0.000489077	2.13E-05	-1.15E-05
376	0.000589788	0.000488923	-8.36E-05	1.39E-05
375.5	0.000550266	0.000460151	0.000318003	9.47E-06
375	0.00057309	0.000386374	0.000147044	-2.05E-05
374.5	0.000610045	0.000402127	0.000231748	8.65E-05
374	0.000594813	0.000410708	0.00013038	0.000102287
373.5	0.000555832	0.000341116	-0.000177016	9.32E-05
373	0.000537288	0.000335604	6.80E-05	0.000156508
372.5	0.000592079	0.00036095	5.61E-05	0.000209188
372	0.00054412	0.000352918	0.000406617	0.000165594
371.5	0.000606383	0.000361793	0.000284797	0.000100803
371	0.000550362	0.000378118	0.00043991	7.84E-05
370.5	0.000579679	0.000361363	0.000376384	8.82E-05
370	0.000553052	0.000420876	0.000444137	7.03E-05
369.5	0.000531865	0.000362598	6.56E-05	-1.23E-05
369	0.000542093	0.000407736	0.000397831	-1.01E-05
368.5	0.000567366	0.000422356	0.000300526	3.07E-05
368	0.000632076	0.000429651	0.00033132	-1.79E-06
367.5	0.000651939	0.000622291	0.000609429	4.58E-05
367	0.000651568	0.000828653	0.000201428	0.000105409
366.5	0.000639414	0.000921108	0.000157327	5.03E-05
366	0.000605833	0.001082277	-0.000167449	3.98E-05
365.5	0.000562792	0.000968483	0.000149017	4.39E-05
365	0.000579148	0.000784256	0.000283075	9.93E-05
364.5	0.00066355	0.000605585	0.000195043	8.07E-05
364	0.000618932	0.000509508	0.000431404	0.000148363
363.5	0.000633797	0.00042922	0.000696331	0.000102804
363	0.000567269	0.000515115	0.000433456	7.11E-05
362.5	0.000675071	0.000643579	2.43E-05	4.80E-05
362	0.000536207	0.000690196	0.000368182	2.26E-05
361.5	0.000658272	0.000764596	0.000118674	1.72E-05
361	0.00063785	0.000687714	0.000282573	4.59E-05
360.5	0.000627706	0.000631128	0.00014145	-1.91E-06
360	0.000652054	0.00056943	-0.000126216	2.71E-05
359.5	0.000652205	0.000517172	0.000160517	-1.43E-05
359	0.000658952	0.000505585	0.00018686	1.95E-05
358.5	0.000655278	0.000670345	0.000157556	4.31E-05
358	0.00063938	0.000853962	0.000194155	5.22E-05
357.5	0.000663804	0.001002952	0.000459168	0.000146555
357	0.000633514	0.000992753	-5.77E-06	5.32E-05
356.5	0.000666914	0.000987622	-0.000147696	4.52E-05
356	0.000671231	0.000839253	0.000240205	0.000102806
355.5	0.000673858	0.000633102	0.000327711	7.03E-05
355	0.00070366	0.000620046	0.000319252	9.64E-05
354.5	0.00070403	0.000479526	6.18E-05	7.51E-05
354	0.000656506	0.000482096	-0.000212153	3.69E-05
353.5	0.000611382	0.000476599	0.000147503	1.54E-05
353	0.000679504	0.000476879	0.000137605	5.73E-05
352.5	0.000693106	0.000456481	0.000190326	5.17E-05
352	0.000766847	0.000504805	0.000595981	0.000106845
351.5	0.0007018	0.000458201	-8.16E-05	4.58E-05
351	0.000681981	0.00050859	4.79E-05	5.94E-06
350.5	0.000774432	0.000472297	-2.78E-06	5.34E-05
350	0.000740447	0.000506667	4.72E-05	6.47E-05
349.5	0.000591206	0.000376341	0.000195939	-1.94E-05
349	0.000665088	0.000515214	-6.61E-05	0.000115414
348.5	0.000703038	0.000491972	-3.36E-05	7.23E-05
348	0.00072732	0.000498102	-0.000167283	0.000208207
347.5	0.000674887	0.000430572	2.89E-05	1.90E-05
347	0.000733163	0.000523569	-2.96E-05	0.000111883
346.5	0.000686961	0.000546968	2.12E-05	8.04E-05
346	0.000736061	0.000582119	-0.000105276	0.000110502
345.5	0.000711798	0.000422079	3.04E-05	8.40E-05
345	0.000734251	0.000524374	-5.46E-05	3.79E-05
344.5	0.000655019	0.000537049	-0.000126753	-4.32E-05
344	0.000681108	0.000521123	-9.66E-05	6.95E-05
343.5	0.000688907	0.000470731	0.000264064	-2.30E-05
343	0.000690641	0.000495788	-4.76E-06	5.93E-05
342.5	0.000699816	0.000601237	0.000294098	0.000111371
342	0.000573734	0.000463458	0.000170188	5.50E-05
341.5	0.000635629	0.000456792	-1.75E-05	0.000105623
341	0.000616991	0.000544145	-3.26E-06	0.000232959
340.5	0.000741445	0.00066302	3.47E-07	0.000320517
340	0.00069555	0.000602888	0.000254324	0.00034473
339.5	0.000679514	0.000698005	7.27E-05	0.000312411
339	0.000742057	0.000762703	6.62E-05	0.000336874
338.5	0.00060185	0.000717608	-0.000151017	0.000491068
338	0.000671617	0.000687829	9.97E-05	0.00052515
337.5	0.000633807	0.000610065	0.000110217	0.000596206
337	0.000724796	0.000587955	-0.000333436	0.000579523
336.5	0.000742131	0.000607147	-3.15E-05	0.000524782
336	0.000650743	0.000641467	0.000169952	0.000534223
335.5	0.000710524	0.00074449	0.000390656	0.000514529
335	0.000682208	0.00077709	-0.000178873	0.001621213
334.5	0.000730956	0.000824653	5.92E-06	0.00482409
334	0.000735817	0.000681033	3.49E-05	0.009233011
333.5	0.000680326	0.000595485	0.000387715	0.01452775
333	0.000633165	0.000847691	0.000115516	0.017961597
332.5	0.000712842	0.001434846	1.14E-05	0.018428706
332	0.000746399	0.002008488	-1.22E-05	0.015845949
331.5	0.000734819	0.00278403	-6.59E-05	0.012807155
331	0.000723725	0.003028161	9.65E-06	0.009915473
330.5	0.000755676	0.0024688	-0.000108799	0.010491475
330	0.000613472	0.001998707	-2.49E-05	0.012904784
329.5	0.000616991	0.00130288	0.000126854	0.015558266
329	0.000733345	0.000939812	0.000160001	0.017969973
328.5	0.000626548	0.000632031	-0.000129795	0.017686518
328	0.000619105	0.000579527	6.91E-05	0.016566925
327.5	0.000615505	0.000546452	-4.00E-05	0.015023153
327	0.000613231	0.000479383	-9.25E-05	0.013286635
326.5	0.000663908	0.000490497	1.68E-05	0.012394079
326	0.000689893	0.000484517	5.20E-05	0.010754248
325.5	0.000646885	0.000494196	0.000116436	0.009803643
325	0.000659576	0.000473908	0.000134092	0.00949249
324.5	0.000648583	0.000516552	7.83E-05	0.011892488
324	0.000578867	0.000437318	-2.62E-05	0.0151346
323.5	0.000663067	0.000441898	0.000144836	0.017464643
323	0.000710252	0.000560502	4.19E-05	0.018937983
322.5	0.000713971	0.000497919	0.000106572	0.015891081
322	0.000709607	0.000486897	-0.000153066	0.011173795
321.5	0.000665721	0.000478649	4.74E-05	0.007014247
321	0.000628991	0.000442644	1.34E-05	0.003868425
320.5	0.000617279	0.000440094	0.000120327	0.005201797
320	0.000680026	0.000479396	9.53E-05	0.00906626
319.5	0.000582502	0.000461289	0.000144124	0.013280306
319	0.000668889	0.000555188	-2.20E-05	0.017068353
318.5	0.000695654	0.000438414	0.000123499	0.01715917
318	0.000594506	0.000455664	0.000101076	0.014220892
317.5	0.000709074	0.000501238	-0.000109168	0.010472367
317	0.000632438	0.000572804	0.000178617	0.006021325
316.5	0.000636431	0.000615393	-5.27E-07	0.004742002
316	0.000664933	0.00072784	-6.60E-05	0.010790128
315.5	0.000595179	0.000860863	1.18E-05	0.021370163
315	0.000634918	0.000924256	0.000183055	0.032431677
314.5	0.000649731	0.000937972	-0.00018102	0.04185779
314	0.00063186	0.000931284	0.000180596	0.040703084
313.5	0.000681269	0.000795988	0.000268745	0.030986004
313	0.000706407	0.00064759	4.32E-05	0.01977917
312.5	0.000620281	0.00060874	8.61E-05	0.010623574
312	0.000665367	0.000605345	5.13E-05	0.005588798
311.5	0.000576031	0.000499949	0.000117249	0.006749971
311	0.00064112	0.000490325	6.38E-05	0.008094083
310.5	0.000650144	0.000504274	0.000376089	0.008090135
310	0.000635483	0.000477233	0.000116333	0.007553911
309.5	0.000662065	0.000506373	0.000209419	0.006797678
309	0.000672725	0.000528033	-5.59E-05	0.006618456
308.5	0.000605717	0.000520518	0.000134791	0.008854994
308	0.00065028	0.000531667	4.57E-05	0.011899306
307.5	0.000600966	0.000544371	0.000324185	0.013803743
307	0.000648936	0.000505888	8.44E-05	0.013731766
306.5	0.000706257	0.000586838	0.000234354	0.011768952
306	0.000610336	0.000476073	9.43E-05	0.00875861
305.5	0.000682824	0.000514767	-1.63E-05	0.006774011
305	0.000629361	0.000494504	0.000371929	0.005798061
304.5	0.000636249	0.000496115	-0.000190224	0.005674376
304	0.000607331	0.000505064	-1.37E-05	0.006250864
303.5	0.000588062	0.000446056	2.60E-05	0.006374643
303	0.000605689	0.000502949	7.17E-07	0.005423905
302.5	0.000631068	0.000498018	0.000100213	0.004342514
302	0.000673847	0.000489724	8.40E-06	0.003182705
301.5	0.000592797	0.000452819	0.000119953	0.001868969
301	0.000598716	0.000440293	1.00E-05	0.001399894
300.5	0.000611489	0.000478363	-3.15E-05	0.001167804
300	0.000586484	0.000450955	-0.000112564	0.001104904
